 TimeStamp manip.manip_measure_out_port tt.outport_grip.position.x tt.outport_grip.position.y tt.outport_grip.position.z tt.outport_grip.orientation.x tt.outport_grip.orientation.y tt.outport_grip.orientation.z tt.outport_grip.orientation.w jr3.ForceTorqueOutputPort.forces.0 jr3.ForceTorqueOutputPort.forces.1 jr3.ForceTorqueOutputPort.forces.2 jr3.ForceTorqueOutputPort.torques.0 jr3.ForceTorqueOutputPort.torques.1 jr3.ForceTorqueOutputPort.torques.2 test.cart_pose_loop_out_port.p.X test.cart_pose_loop_out_port.p.Y test.cart_pose_loop_out_port.p.Z test.cart_pose_loop_out_port.M.X_x test.cart_pose_loop_out_port.M.X_y test.cart_pose_loop_out_port.M.X_z test.cart_pose_loop_out_port.M.Y_x test.cart_pose_loop_out_port.M.Y_y test.cart_pose_loop_out_port.M.Y_z test.cart_pose_loop_out_port.M.Z_x test.cart_pose_loop_out_port.M.Z_y test.cart_pose_loop_out_port.M.Z_z stiff.cart_stiffdamp_out_port.stiffness.0 stiff.cart_stiffdamp_out_port.stiffness.1 stiff.cart_stiffdamp_out_port.stiffness.2 stiff.cart_stiffdamp_out_port.stiffness.3 stiff.cart_stiffdamp_out_port.stiffness.4 stiff.cart_stiffdamp_out_port.stiffness.5 stiff.cart_stiffdamp_out_port.damping.0 stiff.cart_stiffdamp_out_port.damping.1 stiff.cart_stiffdamp_out_port.damping.2 stiff.cart_stiffdamp_out_port.damping.3 stiff.cart_stiffdamp_out_port.damping.4 stiff.cart_stiffdamp_out_port.damping.5
 5.06e-07 0.0326863   -0.342522 0.0192805 -0.270965  0.0937753 0.415899 -0.871809 -0.241212   -0.662231 -1.65198 -1.45691  -1.21124 1.17328 -0.533203   -0.498172 0.0294701 0.689245  0.869844 0.167638 -0.463972 0.0396343 -0.961201 -0.272987 -0.491733 0.219067 -0.842739   2743.74 2743.74 2743.74 164.624 164.624 164.624  0 0 0 0 0 0 
 0.0194556 0.0326863   -0.342522 0.0192805 -0.270965  0.0937753 0.415899 -0.871809 -0.241212   -0.586548 -1.73669 -1.26892  -1.38428 1.2981 -0.451172   -0.498172 0.0294706 0.689245  0.869844 0.167637 -0.463972 0.039633 -0.961201 -0.272988 -0.491733 0.219068 -0.842738   2743.74 2743.74 2743.74 164.624 164.624 164.624  0 0 0 0 0 0 
 0.0294255 0.0326863   -0.342522 0.0192805 -0.270965  0.0937753 0.415899 -0.871809 -0.241212   -0.662231 -1.82141 -1.08093  -1.26068 1.39795 -0.533203   -0.498172 0.0294706 0.689245  0.869844 0.167637 -0.463972 0.039633 -0.961201 -0.272988 -0.491733 0.219068 -0.842738   2743.74 2743.74 2743.74 164.624 164.624 164.624  0 0 0 0 0 0 
 0.0394512 0.0326863   -0.342522 0.0192805 -0.270965  0.0937753 0.415899 -0.871809 -0.241212   -0.662231 -1.65198 -1.26892  -1.2854 1.2981 -0.533203   -0.498172 0.0294706 0.689245  0.869844 0.167637 -0.463972 0.039633 -0.961201 -0.272988 -0.491733 0.219068 -0.842738   2743.74 2743.74 2743.74 164.624 164.624 164.624  0 0 0 0 0 0 
 0.0494525 0.0326863   -0.342522 0.0192805 -0.270965  0.0937753 0.415899 -0.871809 -0.241212   -0.586548 -1.56726 -1.45691  -1.11237 1.17328 -0.451172   -0.498172 0.0294706 0.689245  0.869844 0.167637 -0.463972 0.039633 -0.961201 -0.272988 -0.491733 0.219068 -0.842738   2743.74 2743.74 2743.74 164.624 164.624 164.624  0 0 0 0 0 0 
 0.0594344 0.0326863   -0.342522 0.0192805 -0.270965  0.0937753 0.415899 -0.871809 -0.241212   -0.529785 -1.56726 -0.939941  -1.11237 1.07343 -0.369141   -0.498172 0.0294706 0.689245  0.869844 0.167637 -0.463972 0.039633 -0.961201 -0.272988 -0.491733 0.219068 -0.842738   2743.74 2743.74 2743.74 164.624 164.624 164.624  0 0 0 0 0 0 
 0.0694325 0.0326863   -0.342522 0.0192805 -0.270965  0.0937753 0.415899 -0.871809 -0.241212   -0.454102 -1.65198 -1.26892  -1.18652 1.19824 -0.451172   -0.498172 0.0294706 0.689245  0.869844 0.167637 -0.463972 0.039633 -0.961201 -0.272988 -0.491733 0.219068 -0.842738   2743.74 2743.74 2743.74 164.624 164.624 164.624  0 0 0 0 0 0 
 0.0794285 0.032679   -0.342457 0.0195094 -0.27071  0.0939009 0.414821 -0.872089 -0.242005   -0.662231 -1.73669 -1.26892  -1.31012 1.2981 -0.533203   -0.498172 0.0294706 0.689245  0.869844 0.167637 -0.463972 0.039633 -0.961201 -0.272988 -0.491733 0.219068 -0.842738   2743.59 2743.59 2743.59 164.615 164.615 164.615  0 0 0 0 0 0 
 0.0894024 0.032679   -0.342457 0.0195094 -0.27071  0.0939009 0.414821 -0.872089 -0.242005   -0.718994 -1.82141 -1.45691  -1.45844 1.42291 -0.533203   -0.498171 0.0294711 0.689246  0.869843 0.167637 -0.463972 0.0396326 -0.961201 -0.272989 -0.491733 0.219069 -0.842738   2743.59 2743.59 2743.59 164.615 164.615 164.615  0 0 0 0 0 0 
 0.0994576 0.032679   -0.342457 0.0195094 -0.27071  0.0939009 0.414821 -0.872089 -0.242005   -0.737915 -1.73669 -1.08093  -1.45844 1.42291 -0.533203   -0.498171 0.0294711 0.689246  0.869843 0.167637 -0.463972 0.0396326 -0.961201 -0.272989 -0.491733 0.219069 -0.842738   2743.59 2743.59 2743.59 164.615 164.615 164.615  0 0 0 0 0 0 
 0.109443 0.032679   -0.342457 0.0195094 -0.27071  0.0939009 0.414821 -0.872089 -0.242005   -0.737915 -1.84259 -0.892944  -1.45844 1.52277 -0.451172   -0.498171 0.0294711 0.689246  0.869843 0.167637 -0.463972 0.0396326 -0.961201 -0.272989 -0.491733 0.219069 -0.842738   2743.59 2743.59 2743.59 164.615 164.615 164.615  0 0 0 0 0 0 
 0.119459 0.032679   -0.342457 0.0195094 -0.27071  0.0939009 0.414821 -0.872089 -0.242005   -0.813599 -1.75787 -1.08093  -1.26068 1.4978 -0.451172   -0.498172 0.0294709 0.689246  0.869843 0.167638 -0.463973 0.0396326 -0.9612 -0.272989 -0.491734 0.219069 -0.842737   2743.59 2743.59 2743.59 164.615 164.615 164.615  0 0 0 0 0 0 
 0.129432 0.032679   -0.342457 0.0195094 -0.27071  0.0939009 0.414821 -0.872089 -0.242005   -0.662231 -1.65198 -1.08093  -1.1618 1.37299 -0.533203   -0.498172 0.0294702 0.689245  0.869844 0.167639 -0.463971 0.0396341 -0.9612 -0.272989 -0.491733 0.219069 -0.842738   2743.59 2743.59 2743.59 164.615 164.615 164.615  0 0 0 0 0 0 
 0.139426 0.032679   -0.342457 0.0195094 -0.27071  0.0939009 0.414821 -0.872089 -0.242005   -0.737915 -1.75787 -1.6449  -1.13708 1.57269 -0.369141   -0.498172 0.0294702 0.689245  0.869844 0.167639 -0.463971 0.0396341 -0.9612 -0.272989 -0.491733 0.219069 -0.842738   2743.59 2743.59 2743.59 164.615 164.615 164.615  0 0 0 0 0 0 
 0.149453 0.032679   -0.342457 0.0195094 -0.27071  0.0939009 0.414821 -0.872089 -0.242005   -0.889282 -1.58844 -1.45691  -1.26068 1.4978 -0.451172   -0.498172 0.0294702 0.689245  0.869844 0.167639 -0.463971 0.0396341 -0.9612 -0.272989 -0.491733 0.219069 -0.842738   2743.59 2743.59 2743.59 164.615 164.615 164.615  0 0 0 0 0 0 
 0.159437 0.032679   -0.342457 0.0195094 -0.27071  0.0939009 0.414821 -0.872089 -0.242005   -0.889282 -1.67316 -1.5979  -1.43372 1.62262 -0.533203   -0.498172 0.0294702 0.689245  0.869844 0.167639 -0.463971 0.0396341 -0.9612 -0.272989 -0.491733 0.219069 -0.842738   2743.59 2743.59 2743.59 164.615 164.615 164.615  0 0 0 0 0 0 
 0.169414 0.032679   -0.342457 0.0195094 -0.27071  0.0939009 0.414821 -0.872089 -0.242005   -0.870361 -1.75787 -0.845947  -1.43372 1.69751 -0.369141   -0.498172 0.0294702 0.689245  0.869845 0.167639 -0.46397 0.0396344 -0.9612 -0.272989 -0.491731 0.219069 -0.842739   2743.59 2743.59 2743.59 164.615 164.615 164.615  0 0 0 0 0 0 
 0.179434 0.032638   -0.341777 0.0190428 -0.271025  0.09504 0.413114 -0.872758 -0.24207   -0.889282 -1.84259 -1.26892  -1.43372 1.59766 -0.451172   -0.498172 0.0294705 0.689246  0.869844 0.167638 -0.463971 0.0396342 -0.961201 -0.272988 -0.491732 0.219068 -0.842739   2728.63 2728.63 2728.63 163.718 163.718 163.718  0 0 0 0 0 0 
 0.189432 0.032638   -0.341777 0.0190428 -0.271025  0.09504 0.413114 -0.872758 -0.24207   -0.889282 -1.75787 -1.83289  -1.31012 1.69751 -0.451172   -0.498172 0.0294702 0.689245  0.869845 0.167639 -0.46397 0.0396344 -0.9612 -0.272989 -0.491731 0.219069 -0.842739   2728.63 2728.63 2728.63 163.718 163.718 163.718  0 0 0 0 0 0 
 0.199428 0.032638   -0.341777 0.0190428 -0.271025  0.09504 0.413114 -0.872758 -0.24207   -0.889282 -1.58844 -1.26892  -1.23596 1.59766 -0.369141   -0.498172 0.0294702 0.689245  0.869845 0.167639 -0.46397 0.0396344 -0.9612 -0.272989 -0.491731 0.219069 -0.842739   2728.63 2728.63 2728.63 163.718 163.718 163.718  0 0 0 0 0 0 
 0.209424 0.032638   -0.341777 0.0190428 -0.271025  0.09504 0.413114 -0.872758 -0.24207   -0.813599 -1.56726 -1.26892  -1.1618 1.37299 -0.369141   -0.498172 0.0294702 0.689245  0.869844 0.167639 -0.463971 0.0396341 -0.9612 -0.272989 -0.491733 0.219069 -0.842738   2728.63 2728.63 2728.63 163.718 163.718 163.718  0 0 0 0 0 0 
 0.219444 0.032638   -0.341777 0.0190428 -0.271025  0.09504 0.413114 -0.872758 -0.24207   -0.737915 -1.56726 -1.08093  -1.1618 1.47284 -0.369141   -0.498172 0.0294702 0.689245  0.869844 0.167639 -0.463971 0.0396341 -0.9612 -0.272989 -0.491733 0.219069 -0.842738   2728.63 2728.63 2728.63 163.718 163.718 163.718  0 0 0 0 0 0 
 0.22943 0.032638   -0.341777 0.0190428 -0.271025  0.09504 0.413114 -0.872758 -0.24207   -0.813599 -1.67316 -1.08093  -1.11237 1.67255 -0.287109   -0.498172 0.0294702 0.689245  0.869845 0.167639 -0.46397 0.0396344 -0.9612 -0.272989 -0.491731 0.219069 -0.842739   2728.63 2728.63 2728.63 163.718 163.718 163.718  0 0 0 0 0 0 
 0.239462 0.032638   -0.341777 0.0190428 -0.271025  0.09504 0.413114 -0.872758 -0.24207   -0.813599 -1.75787 -1.45691  -1.43372 1.62262 -0.451172   -0.498172 0.0294702 0.689245  0.869845 0.167639 -0.46397 0.0396344 -0.9612 -0.272989 -0.491731 0.219069 -0.842739   2728.63 2728.63 2728.63 163.718 163.718 163.718  0 0 0 0 0 0 
 0.249427 0.032638   -0.341777 0.0190428 -0.271025  0.09504 0.413114 -0.872758 -0.24207   -0.889282 -1.84259 -1.26892  -1.35956 1.4978 -0.451172   -0.498172 0.0294702 0.689245  0.869845 0.167639 -0.46397 0.0396344 -0.9612 -0.272989 -0.491731 0.219069 -0.842739   2728.63 2728.63 2728.63 163.718 163.718 163.718  0 0 0 0 0 0 
 0.25943 0.032638   -0.341777 0.0190428 -0.271025  0.09504 0.413114 -0.872758 -0.24207   -0.567627 -1.90613 -1.26892  -1.50787 1.22321 -0.451172   -0.498172 0.0294707 0.689246  0.869844 0.167639 -0.463971 0.0396337 -0.9612 -0.27299 -0.491733 0.21907 -0.842738   2728.63 2728.63 2728.63 163.718 163.718 163.718  0 0 0 0 0 0 
 0.269448 0.032638   -0.341777 0.0190428 -0.271025  0.09504 0.413114 -0.872758 -0.24207   -0.41626 -1.90613 -1.08093  -1.409 1.09839 -0.451172   -0.498171 0.0294712 0.689246  0.869844 0.167638 -0.463971 0.0396324 -0.9612 -0.272991 -0.491733 0.219071 -0.842738   2728.63 2728.63 2728.63 163.718 163.718 163.718  0 0 0 0 0 0 
 0.279433 0.0326104   -0.341401 0.0191527 -0.270814  0.0951003 0.410867 -0.873844 -0.241952   -0.41626 -1.80023 -1.26892  -1.43372 0.998535 -0.451172   -0.498171 0.0294711 0.689246  0.869843 0.167639 -0.463972 0.0396324 -0.9612 -0.272991 -0.491734 0.219071 -0.842737   2722.11 2722.11 2722.11 163.327 163.327 163.327  0 0 0 0 0 0 
 0.289431 0.0326104   -0.341401 0.0191527 -0.270814  0.0951003 0.410867 -0.873844 -0.241952   -0.340576 -1.96967 -1.08093  -1.53259 1.0235 -0.451172   -0.498171 0.0294719 0.689246  0.869844 0.167637 -0.463971 0.0396311 -0.9612 -0.272991 -0.491732 0.219072 -0.842738   2722.11 2722.11 2722.11 163.327 163.327 163.327  0 0 0 0 0 0 
 0.299426 0.0326104   -0.341401 0.0191527 -0.270814  0.0951003 0.410867 -0.873844 -0.241952   -0.340576 -1.96967 -1.08093  -1.65619 0.823792 -0.451172   -0.498171 0.0294726 0.689246  0.869844 0.167637 -0.46397 0.0396296 -0.961199 -0.272993 -0.491732 0.219075 -0.842737   2722.11 2722.11 2722.11 163.327 163.327 163.327  0 0 0 0 0 0 
 0.309429 0.0326104   -0.341401 0.0191527 -0.270814  0.0951003 0.410867 -0.873844 -0.241952   -0.397339 -2.245 -0.892944  -1.73035 1.0235 -0.533203   -0.498171 0.0294738 0.689246  0.869845 0.167635 -0.46397 0.0396272 -0.961199 -0.272993 -0.491731 0.219076 -0.842737   2722.11 2722.11 2722.11 163.327 163.327 163.327  0 0 0 0 0 0 
 0.319432 0.0326104   -0.341401 0.0191527 -0.270814  0.0951003 0.410867 -0.873844 -0.241952   -0.321655 -2.22382 -1.08093  -1.85394 0.823792 -0.533203   -0.498171 0.0294758 0.689246  0.869846 0.167633 -0.463969 0.0396232 -0.961199 -0.272997 -0.49173 0.219081 -0.842737   2722.11 2722.11 2722.11 163.327 163.327 163.327  0 0 0 0 0 0 
 0.329457 0.0326104   -0.341401 0.0191527 -0.270814  0.0951003 0.410867 -0.873844 -0.241952   -0.170288 -2.22382 -0.892944  -1.8045 0.624084 -0.533203   -0.49817 0.0294796 0.689246  0.869848 0.16763 -0.463966 0.039616 -0.961196 -0.273006 -0.491726 0.219094 -0.842736   2722.11 2722.11 2722.11 163.327 163.327 163.327  0 0 0 0 0 0 
 0.339427 0.0326104   -0.341401 0.0191527 -0.270814  0.0951003 0.410867 -0.873844 -0.241952   -0.0946045 -2.39325 -0.704956  -1.90338 0.549194 -0.533203   -0.49817 0.0294856 0.689247  0.869851 0.167622 -0.463963 0.0396044 -0.961195 -0.273013 -0.491722 0.219105 -0.842735   2722.11 2722.11 2722.11 163.327 163.327 163.327  0 0 0 0 0 0 
 0.349398 0.0326104   -0.341401 0.0191527 -0.270814  0.0951003 0.410867 -0.873844 -0.241952   0.0567627 -2.37207 -0.328979  -1.82922 0.424377 -0.615234   -0.498169 0.0294959 0.689247  0.869856 0.167609 -0.463959 0.0395849 -0.961193 -0.273023 -0.491715 0.219125 -0.842734   2722.11 2722.11 2722.11 163.327 163.327 163.327  0 0 0 0 0 0 
 0.359424 0.0326104   -0.341401 0.0191527 -0.270814  0.0951003 0.410867 -0.873844 -0.241952   0.132446 -2.28735 -0.751953  -1.75507 0.22467 -0.533203   -0.498168 0.0295085 0.689247  0.869861 0.167594 -0.463955 0.0395602 -0.961189 -0.273038 -0.491708 0.219151 -0.842731   2722.11 2722.11 2722.11 163.327 163.327 163.327  0 0 0 0 0 0 
 0.369423 0.0326104   -0.341401 0.0191527 -0.270814  0.0951003 0.410867 -0.873844 -0.241952   0.264893 -2.20264 -0.563965  -1.55731 0.199707 -0.512695   -0.498167 0.029523 0.689247  0.869867 0.167572 -0.463952 0.0395324 -0.961188 -0.273046 -0.4917 0.219173 -0.84273   2722.11 2722.11 2722.11 163.327 163.327 163.327  0 0 0 0 0 0 
 0.379461 0.0325622   -0.340547 0.0180212 -0.271522  0.0969304 0.409099 -0.875053 -0.239841   0.189209 -2.18146 -0.375977  -1.55731 0.199707 -0.676758   -0.498166 0.02954 0.689247  0.869873 0.167545 -0.463949 0.0395 -0.961188 -0.273052 -0.491691 0.219195 -0.84273   2700.74 2700.74 2700.74 162.044 162.044 162.044  0 0 0 0 0 0 
 0.389435 0.0325622   -0.340547 0.0180212 -0.271522  0.0969304 0.409099 -0.875053 -0.239841   0.189209 -2.20264 -0.751953  -1.53259 0.199707 -0.615234   -0.498165 0.0295583 0.689247  0.869879 0.167513 -0.463949 0.0394642 -0.961189 -0.273052 -0.491683 0.219213 -0.84273   2700.74 2700.74 2700.74 162.044 162.044 162.044  0 0 0 0 0 0 
 0.399437 0.0325622   -0.340547 0.0180212 -0.271522  0.0969304 0.409099 -0.875053 -0.239841   0.189209 -2.20264 -0.563965  -1.43372 0.399414 -0.594727   -0.498164 0.0295798 0.689247  0.869887 0.167475 -0.46395 0.0394225 -0.961191 -0.273053 -0.491674 0.219235 -0.84273   2700.74 2700.74 2700.74 162.044 162.044 162.044  0 0 0 0 0 0 
 0.409437 0.0325622   -0.340547 0.0180212 -0.271522  0.0969304 0.409099 -0.875053 -0.239841   0.189209 -2.37207 -0.187988  -1.63147 0.324524 -0.512695   -0.498162 0.0296017 0.689248  0.869893 0.167437 -0.463951 0.0393805 -0.961193 -0.273052 -0.491665 0.219256 -0.842729   2700.74 2700.74 2700.74 162.044 162.044 162.044  0 0 0 0 0 0 
 0.419446 0.0325622   -0.340547 0.0180212 -0.271522  0.0969304 0.409099 -0.875053 -0.239841   0.132446 -2.37207 0  -1.73035 0.424377 -0.594727   -0.498161 0.0296249 0.689247  0.869902 0.167396 -0.46395 0.0393352 -0.961195 -0.273053 -0.491654 0.21928 -0.842729   2700.74 2700.74 2700.74 162.044 162.044 162.044  0 0 0 0 0 0 
 0.42943 0.0325622   -0.340547 0.0180212 -0.271522  0.0969304 0.409099 -0.875053 -0.239841   -0.0378418 -2.37207 -0.187988  -1.60675 0.624084 -0.512695   -0.498159 0.0296465 0.689247  0.869909 0.167358 -0.463949 0.0392935 -0.961196 -0.273053 -0.491644 0.219301 -0.84273   2700.74 2700.74 2700.74 162.044 162.044 162.044  0 0 0 0 0 0 
 0.439432 0.0325622   -0.340547 0.0180212 -0.271522  0.0969304 0.409099 -0.875053 -0.239841   -0.113525 -2.22382 -0.140991  -1.65619 0.823792 -0.533203   -0.498158 0.0296671 0.689247  0.869917 0.167322 -0.463948 0.0392541 -0.961198 -0.273052 -0.491634 0.219321 -0.84273   2700.74 2700.74 2700.74 162.044 162.044 162.044  0 0 0 0 0 0 
 0.449459 0.0325622   -0.340547 0.0180212 -0.271522  0.0969304 0.409099 -0.875053 -0.239841   -0.264893 -2.22382 -0.704956  -1.31012 1.09839 -0.615234   -0.498157 0.0296831 0.689246  0.869923 0.167294 -0.463947 0.0392234 -0.961199 -0.273052 -0.491626 0.219337 -0.842731   2700.74 2700.74 2700.74 162.044 162.044 162.044  0 0 0 0 0 0 
 0.459454 0.0325622   -0.340547 0.0180212 -0.271522  0.0969304 0.409099 -0.875053 -0.239841   -0.435181 -2.16028 -0.516968  -1.26068 1.19824 -0.369141   -0.498156 0.0296947 0.689245  0.869927 0.167274 -0.463946 0.0392013 -0.9612 -0.273052 -0.49162 0.219348 -0.842732   2700.74 2700.74 2700.74 162.044 162.044 162.044  0 0 0 0 0 0 
 0.469436 0.0325622   -0.340547 0.0180212 -0.271522  0.0969304 0.409099 -0.875053 -0.239841   -0.586548 -1.99084 -0.704956  -1.23596 1.59766 -0.451172   -0.498156 0.0296979 0.689245  0.869929 0.167268 -0.463945 0.0391955 -0.961201 -0.273051 -0.491617 0.219351 -0.842733   2700.74 2700.74 2700.74 162.044 162.044 162.044  0 0 0 0 0 0 
 0.479417 0.0324728   -0.339132 0.0193018 -0.271882  0.0978567 0.408306 -0.875195 -0.240299   -0.737915 -2.01202 -0.892944  -1.18652 1.69751 -0.451172   -0.498156 0.029698 0.689245  0.86993 0.167267 -0.463944 0.0391955 -0.961201 -0.273051 -0.491616 0.21935 -0.842733   2681.71 2681.71 2681.71 160.903 160.903 160.903  0 0 0 0 0 0 
 0.489465 0.0324728   -0.339132 0.0193018 -0.271882  0.0978567 0.408306 -0.875195 -0.240299   -0.889282 -2.09674 -0.516968  -1.2854 1.99707 -0.451172   -0.498156 0.0296969 0.689244  0.869931 0.167269 -0.463941 0.0391982 -0.961201 -0.27305 -0.491614 0.219349 -0.842735   2681.71 2681.71 2681.71 160.903 160.903 160.903  0 0 0 0 0 0 
 0.499449 0.0324728   -0.339132 0.0193018 -0.271882  0.0978567 0.408306 -0.875195 -0.240299   -1.04065 -1.94849 -1.03394  -1.35956 2.09692 -0.533203   -0.498156 0.0296946 0.689244  0.86993 0.167273 -0.463941 0.0392031 -0.961201 -0.273049 -0.491614 0.219346 -0.842735   2681.71 2681.71 2681.71 160.903 160.903 160.903  0 0 0 0 0 0 
 0.509427 0.0324728   -0.339132 0.0193018 -0.271882  0.0978567 0.408306 -0.875195 -0.240299   -1.1731 -1.94849 -0.657959  -1.53259 2.22174 -0.533203   -0.498157 0.0296917 0.689243  0.869931 0.167278 -0.463939 0.0392095 -0.961201 -0.273049 -0.491613 0.219343 -0.842737   2681.71 2681.71 2681.71 160.903 160.903 160.903  0 0 0 0 0 0 
 0.519427 0.0324728   -0.339132 0.0193018 -0.271882  0.0978567 0.408306 -0.875195 -0.240299   -1.2677 -1.86377 -0.845947  -1.43372 2.32159 -0.533203   -0.498159 0.0296873 0.689241  0.869932 0.167285 -0.463934 0.0392181 -0.9612 -0.27305 -0.49161 0.21934 -0.842739   2681.71 2681.71 2681.71 160.903 160.903 160.903  0 0 0 0 0 0 
 0.529429 0.0324728   -0.339132 0.0193018 -0.271882  0.0978567 0.408306 -0.875195 -0.240299   -1.2677 -1.94849 -1.03394  -1.31012 2.39648 -0.533203   -0.498159 0.0296865 0.689239  0.869934 0.167285 -0.46393 0.0392197 -0.9612 -0.27305 -0.491606 0.21934 -0.842741   2681.71 2681.71 2681.71 160.903 160.903 160.903  0 0 0 0 0 0 
 0.539446 0.0324728   -0.339132 0.0193018 -0.271882  0.0978567 0.408306 -0.875195 -0.240299   -1.1731 -2.0332 -0.657959  -1.43372 2.32159 -0.533203   -0.49816 0.0296864 0.689237  0.869936 0.167285 -0.463925 0.0392202 -0.9612 -0.27305 -0.491602 0.219341 -0.842744   2681.71 2681.71 2681.71 160.903 160.903 160.903  0 0 0 0 0 0 
 0.549425 0.0324728   -0.339132 0.0193018 -0.271882  0.0978567 0.408306 -0.875195 -0.240299   -1.09741 -2.0332 -0.845947  -1.35956 2.19678 -0.533203   -0.49816 0.0296865 0.689237  0.869937 0.167284 -0.463925 0.0392202 -0.9612 -0.273049 -0.491601 0.219341 -0.842744   2681.71 2681.71 2681.71 160.903 160.903 160.903  0 0 0 0 0 0 
 0.559453 0.0324728   -0.339132 0.0193018 -0.271882  0.0978567 0.408306 -0.875195 -0.240299   -1.09741 -2.0332 -0.657959  -1.53259 2.22174 -0.533203   -0.498159 0.0296869 0.689235  0.86994 0.167282 -0.46392 0.0392206 -0.961201 -0.273048 -0.491596 0.21934 -0.842747   2681.71 2681.71 2681.71 160.903 160.903 160.903  0 0 0 0 0 0 
 0.569433 0.0324728   -0.339132 0.0193018 -0.271882  0.0978567 0.408306 -0.875195 -0.240299   -1.09741 -2.20264 -0.657959  -1.65619 2.12189 -0.533203   -0.498159 0.0296877 0.689234  0.869939 0.167281 -0.463921 0.039219 -0.961201 -0.273048 -0.491597 0.219341 -0.842747   2681.71 2681.71 2681.71 160.903 160.903 160.903  0 0 0 0 0 0 
 0.57943 0.0322523   -0.335583 0.0195827 -0.273505  0.100255 0.4101 -0.874564 -0.238549   -1.02173 -2.11792 -0.281982  -1.58203 2.02203 -0.533203   -0.498159 0.0296877 0.689234  0.869939 0.167281 -0.463921 0.039219 -0.961201 -0.273048 -0.491597 0.219341 -0.842747   2619.47 2619.47 2619.47 157.168 157.168 157.168  0 0 0 0 0 0 
 0.589461 0.0322523   -0.335583 0.0195827 -0.273505  0.100255 0.4101 -0.874564 -0.238549   -1.09741 -2.09674 -0.657959  -1.48315 1.89722 -0.615234   -0.498159 0.0296877 0.689234  0.869939 0.167281 -0.463921 0.039219 -0.961201 -0.273048 -0.491597 0.219341 -0.842747   2619.47 2619.47 2619.47 157.168 157.168 157.168  0 0 0 0 0 0 
 0.599442 0.0322523   -0.335583 0.0195827 -0.273505  0.100255 0.4101 -0.874564 -0.238549   -0.964966 -2.01202 -0.657959  -1.409 1.79736 -0.615234   -0.49816 0.0296875 0.689233  0.869941 0.167281 -0.463919 0.0392193 -0.961201 -0.273048 -0.491595 0.219341 -0.842748   2619.47 2619.47 2619.47 157.168 157.168 157.168  0 0 0 0 0 0 
 0.609433 0.0322523   -0.335583 0.0195827 -0.273505  0.100255 0.4101 -0.874564 -0.238549   -0.737915 -1.90613 -0.328979  -1.23596 1.59766 -0.615234   -0.49816 0.0296875 0.689233  0.869941 0.167281 -0.463919 0.0392193 -0.961201 -0.273048 -0.491595 0.219341 -0.842748   2619.47 2619.47 2619.47 157.168 157.168 157.168  0 0 0 0 0 0 
 0.619431 0.0322523   -0.335583 0.0195827 -0.273505  0.100255 0.4101 -0.874564 -0.238549   -0.737915 -1.99084 -0.704956  -1.33484 1.4978 -0.615234   -0.49816 0.0296875 0.689233  0.869941 0.167281 -0.463919 0.0392193 -0.961201 -0.273048 -0.491595 0.219341 -0.842748   2619.47 2619.47 2619.47 157.168 157.168 157.168  0 0 0 0 0 0 
 0.629427 0.0322523   -0.335583 0.0195827 -0.273505  0.100255 0.4101 -0.874564 -0.238549   -0.737915 -2.16028 -0.704956  -1.35956 1.4978 -0.697266   -0.49816 0.0296875 0.689233  0.869941 0.167281 -0.463919 0.0392193 -0.961201 -0.273048 -0.491595 0.219341 -0.842748   2619.47 2619.47 2619.47 157.168 157.168 157.168  0 0 0 0 0 0 
 0.639435 0.0322523   -0.335583 0.0195827 -0.273505  0.100255 0.4101 -0.874564 -0.238549   -0.643311 -2.07556 -0.516968  -1.58203 1.42291 -0.533203   -0.49816 0.029688 0.689234  0.869941 0.16728 -0.463919 0.0392181 -0.961201 -0.273049 -0.491595 0.219342 -0.842748   2619.47 2619.47 2619.47 157.168 157.168 157.168  0 0 0 0 0 0 
 0.649429 0.0322523   -0.335583 0.0195827 -0.273505  0.100255 0.4101 -0.874564 -0.238549   -0.567627 -2.16028 0.0469971  -1.68091 1.32306 -0.615234   -0.498159 0.0296892 0.689234  0.869941 0.167278 -0.463919 0.0392157 -0.961201 -0.273049 -0.491594 0.219343 -0.842748   2619.47 2619.47 2619.47 157.168 157.168 157.168  0 0 0 0 0 0 
 0.659426 0.0322523   -0.335583 0.0195827 -0.273505  0.100255 0.4101 -0.874564 -0.238549   -0.491943 -2.245 -0.516968  -1.50787 1.22321 -0.697266   -0.498159 0.0296907 0.689234  0.869941 0.167275 -0.463919 0.0392129 -0.961201 -0.273048 -0.491594 0.219344 -0.842748   2619.47 2619.47 2619.47 157.168 157.168 157.168  0 0 0 0 0 0 
 0.669428 0.0322523   -0.335583 0.0195827 -0.273505  0.100255 0.4101 -0.874564 -0.238549   -0.491943 -2.32971 -0.516968  -1.70563 1.12335 -0.615234   -0.498159 0.0296911 0.689234  0.86994 0.167275 -0.463922 0.0392113 -0.961201 -0.273049 -0.491596 0.219345 -0.842746   2619.47 2619.47 2619.47 157.168 157.168 157.168  0 0 0 0 0 0 
 0.679426 0.0321581   -0.334347 0.0207699 -0.273099  0.101237 0.411583 -0.873859 -0.238163   -0.491943 -2.16028 -0.516968  -1.50787 1.12335 -0.533203   -0.498159 0.0296911 0.689234  0.86994 0.167275 -0.463922 0.0392113 -0.961201 -0.273049 -0.491596 0.219345 -0.842746   2602.82 2602.82 2602.82 156.169 156.169 156.169  0 0 0 0 0 0 
 0.689468 0.0321581   -0.334347 0.0207699 -0.273099  0.101237 0.411583 -0.873859 -0.238163   -0.435181 -2.05438 -0.140991  -1.31012 1.09839 -0.533203   -0.498159 0.0296911 0.689234  0.86994 0.167275 -0.463922 0.0392113 -0.961201 -0.273049 -0.491596 0.219345 -0.842746   2602.82 2602.82 2602.82 156.169 156.169 156.169  0 0 0 0 0 0 
 0.699427 0.0321581   -0.334347 0.0207699 -0.273099  0.101237 0.411583 -0.873859 -0.238163   -0.264893 -2.1391 0.0469971  -1.45844 0.898682 -0.430664   -0.498159 0.0296919 0.689234  0.869941 0.167274 -0.463921 0.0392101 -0.961201 -0.273049 -0.491595 0.219346 -0.842747   2602.82 2602.82 2602.82 156.169 156.169 156.169  0 0 0 0 0 0 
 0.709428 0.0321581   -0.334347 0.0207699 -0.273099  0.101237 0.411583 -0.873859 -0.238163   -0.113525 -2.22382 -0.375977  -1.43372 0.998535 -0.533203   -0.498159 0.029692 0.689234  0.869941 0.167273 -0.46392 0.0392092 -0.961201 -0.27305 -0.491594 0.219347 -0.842747   2602.82 2602.82 2602.82 156.169 156.169 156.169  0 0 0 0 0 0 
 0.719425 0.0321581   -0.334347 0.0207699 -0.273099  0.101237 0.411583 -0.873859 -0.238163   -0.264893 -2.22382 -0.328979  -1.45844 0.898682 -0.615234   -0.498159 0.029692 0.689234  0.869941 0.167273 -0.46392 0.0392092 -0.961201 -0.27305 -0.491594 0.219347 -0.842747   2602.82 2602.82 2602.82 156.169 156.169 156.169  0 0 0 0 0 0 
 0.729428 0.0321581   -0.334347 0.0207699 -0.273099  0.101237 0.411583 -0.873859 -0.238163   -0.189209 -2.22382 -0.328979  -1.45844 0.798828 -0.615234   -0.498159 0.0296924 0.689234  0.86994 0.167273 -0.463922 0.0392086 -0.961201 -0.273049 -0.491596 0.219347 -0.842746   2602.82 2602.82 2602.82 156.169 156.169 156.169  0 0 0 0 0 0 
 0.73945 0.0321581   -0.334347 0.0207699 -0.273099  0.101237 0.411583 -0.873859 -0.238163   -0.113525 -2.28735 0.0469971  -1.60675 0.624084 -0.594727   -0.498159 0.0296932 0.689234  0.869941 0.167271 -0.463922 0.0392064 -0.9612 -0.27305 -0.491595 0.219349 -0.842746   2602.82 2602.82 2602.82 156.169 156.169 156.169  0 0 0 0 0 0 
 0.749431 0.0321581   -0.334347 0.0207699 -0.273099  0.101237 0.411583 -0.873859 -0.238163   -0.189209 -2.37207 -0.187988  -1.58203 0.723938 -0.697266   -0.498158 0.0296953 0.689234  0.869941 0.167268 -0.463923 0.0392024 -0.961201 -0.27305 -0.491595 0.21935 -0.842745   2602.82 2602.82 2602.82 156.169 156.169 156.169  0 0 0 0 0 0 
 0.759433 0.0321581   -0.334347 0.0207699 -0.273099  0.101237 0.411583 -0.873859 -0.238163   -0.264893 -2.1391 0.0469971  -1.45844 0.898682 -0.676758   -0.498159 0.0296956 0.689234  0.869942 0.167267 -0.463922 0.0392015 -0.961201 -0.273051 -0.491594 0.219352 -0.842745   2602.82 2602.82 2602.82 156.169 156.169 156.169  0 0 0 0 0 0 
 0.769424 0.0321581   -0.334347 0.0207699 -0.273099  0.101237 0.411583 -0.873859 -0.238163   -0.41626 -2.1391 -0.140991  -1.31012 1.09839 -0.615234   -0.498158 0.0296961 0.689234  0.869942 0.167266 -0.463922 0.0392002 -0.961201 -0.273051 -0.491594 0.219353 -0.842745   2602.82 2602.82 2602.82 156.169 156.169 156.169  0 0 0 0 0 0 
 0.77946 0.0321432   -0.334221 0.0210195 -0.272772  0.101723 0.411066 -0.874065 -0.238091   -0.718994 -2.16028 0.0469971  -1.33484 1.39795 -0.615234   -0.498158 0.0296962 0.689234  0.869943 0.167265 -0.46392 0.0392005 -0.961201 -0.27305 -0.491592 0.219352 -0.842747   2601.55 2601.55 2601.55 156.093 156.093 156.093  0 0 0 0 0 0 
 0.789453 0.0321432   -0.334221 0.0210195 -0.272772  0.101723 0.411066 -0.874065 -0.238091   -1.04065 -1.92731 -0.140991  -1.21124 1.79736 -0.615234   -0.498159 0.029695 0.689232  0.869944 0.167267 -0.463916 0.0392032 -0.961201 -0.27305 -0.491589 0.219351 -0.842749   2601.55 2601.55 2601.55 156.093 156.093 156.093  0 0 0 0 0 0 
 0.799431 0.0321432   -0.334221 0.0210195 -0.272772  0.101723 0.411066 -0.874065 -0.238091   -1.34338 -1.94849 -0.281982  -1.13708 2.07196 -0.697266   -0.498159 0.0296945 0.689226  0.86995 0.167266 -0.463906 0.0392062 -0.961201 -0.273048 -0.491578 0.21935 -0.842755   2601.55 2601.55 2601.55 156.093 156.093 156.093  0 0 0 0 0 0 
 0.809444 0.0321432   -0.334221 0.0210195 -0.272772  0.101723 0.411066 -0.874065 -0.238091   -1.43799 -1.77905 -0.281982  -0.914612 2.47137 -0.533203   -0.498159 0.0296953 0.689215  0.869963 0.167259 -0.463884 0.0392103 -0.961203 -0.27304 -0.491555 0.219345 -0.84277   2601.55 2601.55 2601.55 156.093 156.093 156.093  0 0 0 0 0 0 
 0.81946 0.0321432   -0.334221 0.0210195 -0.272772  0.101723 0.411066 -0.874065 -0.238091   -1.60828 -1.6308 -0.0939941  -0.617981 2.94568 -0.451172   -0.498159 0.0296946 0.689198  0.869981 0.167254 -0.463853 0.0392205 -0.961206 -0.273027 -0.491523 0.219336 -0.842791   2601.55 2601.55 2601.55 156.093 156.093 156.093  0 0 0 0 0 0 
 0.829435 0.0321432   -0.334221 0.0210195 -0.272772  0.101723 0.411066 -0.874065 -0.238091   -2.0813 -1.39783 -0.657959  -0.346069 3.51984 -0.451172   -0.498159 0.0296932 0.689177  0.870003 0.167247 -0.463814 0.0392359 -0.961211 -0.273007 -0.491483 0.219319 -0.842819   2601.55 2601.55 2601.55 156.093 156.093 156.093  0 0 0 0 0 0 
 0.839428 0.0321432   -0.334221 0.0210195 -0.272772  0.101723 0.411066 -0.874065 -0.238091   -2.55432 -0.910706 -0.845947  -0.0494385 4.09399 -0.369141   -0.49816 0.0296845 0.689152  0.870028 0.16725 -0.463766 0.0392688 -0.961218 -0.272979 -0.491436 0.219288 -0.842854   2601.55 2601.55 2601.55 156.093 156.093 156.093  0 0 0 0 0 0 
 0.849428 0.0321432   -0.334221 0.0210195 -0.272772  0.101723 0.411066 -0.874065 -0.238091   -2.80029 -0.593018 -0.657959  0.444946 4.64319 -0.287109   -0.498162 0.0296626 0.68912  0.870056 0.167273 -0.463704 0.0393344 -0.961226 -0.272942 -0.49138 0.219235 -0.8429   2601.55 2601.55 2601.55 156.093 156.093 156.093  0 0 0 0 0 0 
 0.85948 0.0321432   -0.334221 0.0210195 -0.272772  0.101723 0.411066 -0.874065 -0.238091   -3.14087 -0.360046 -1.03394  0.840454 5.21735 -0.123047   -0.498168 0.0296164 0.689079  0.870089 0.167334 -0.463621 0.0394569 -0.961236 -0.272888 -0.491313 0.219144 -0.842963   2601.55 2601.55 2601.55 156.093 156.093 156.093  0 0 0 0 0 0 
 0.869427 0.0321432   -0.334221 0.0210195 -0.272772  0.101723 0.411066 -0.874065 -0.238091   -3.36792 -0.127075 -1.03394  1.11237 5.49194 -0.123047   -0.498177 0.0295378 0.68903  0.87012 0.16744 -0.463524 0.039654 -0.961254 -0.272798 -0.491242 0.218986 -0.843046   2601.55 2601.55 2601.55 156.093 156.093 156.093  0 0 0 0 0 0 
 0.879433 0.0322995   -0.337068 0.0228856 -0.269885  0.0958506 0.400262 -0.878234 -0.243531   -3.68958 0.0211792 -0.986938  1.1618 5.99121 -0.123047   -0.49819 0.0294312 0.688972  0.870157 0.167578 -0.463404 0.0399168 -0.96128 -0.272667 -0.491154 0.218766 -0.843154   2660.95 2660.95 2660.95 159.657 159.657 159.657  0 0 0 0 0 0 
 0.889435 0.0322995   -0.337068 0.0228856 -0.269885  0.0958506 0.400262 -0.878234 -0.243531   -4.06799 -0.0847168 -1.73889  1.23596 6.49048 -0.143555   -0.498207 0.029285 0.688905  0.870199 0.167773 -0.463255 0.0402721 -0.961312 -0.272502 -0.491051 0.218475 -0.84329   2660.95 2660.95 2660.95 159.657 159.657 159.657  0 0 0 0 0 0 
 0.899431 0.0322995   -0.337068 0.0228856 -0.269885  0.0958506 0.400262 -0.878234 -0.243531   -4.52209 0.0635376 -1.69189  1.2854 6.79004 -0.225586   -0.498226 0.0291059 0.688829  0.870258 0.168011 -0.463058 0.0407077 -0.961351 -0.272301 -0.490911 0.218122 -0.843463   2660.95 2660.95 2660.95 159.657 159.657 159.657  0 0 0 0 0 0 
 0.909422 0.0322995   -0.337068 0.0228856 -0.269885  0.0958506 0.400262 -0.878234 -0.243531   -4.76807 0.296509 -1.87988  1.55731 7.26434 -0.225586   -0.498249 0.0288846 0.688743  0.870333 0.168318 -0.462806 0.0412448 -0.961389 -0.272085 -0.490733 0.217716 -0.843671   2660.95 2660.95 2660.95 159.657 159.657 159.657  0 0 0 0 0 0 
 0.919391 0.0322995   -0.337068 0.0228856 -0.269885  0.0958506 0.400262 -0.878234 -0.243531   -5.08972 0.444763 -2.44385  1.73035 7.66376 -0.225586   -0.498275 0.0286118 0.688642  0.870429 0.168704 -0.462486 0.0419074 -0.961431 -0.271836 -0.490508 0.217232 -0.843927   2660.95 2660.95 2660.95 159.657 159.657 159.657  0 0 0 0 0 0 
 0.929431 0.0322995   -0.337068 0.0228856 -0.269885  0.0958506 0.400262 -0.878234 -0.243531   -5.33569 0.698914 -2.63184  1.87866 7.8385 -0.225586   -0.498305 0.0282899 0.688528  0.870544 0.169165 -0.462099 0.042688 -0.961475 -0.271557 -0.490235 0.216677 -0.844228   2660.95 2660.95 2660.95 159.657 159.657 159.657  0 0 0 0 0 0 
 0.939439 0.0322995   -0.337068 0.0228856 -0.269885  0.0958506 0.400262 -0.878234 -0.243531   -5.33569 0.953064 -2.63184  2.17529 8.01324 -0.143555   -0.498333 0.0279263 0.688406  0.870698 0.16968 -0.46162 0.0435732 -0.961524 -0.271245 -0.489883 0.216058 -0.844591   2660.95 2660.95 2660.95 159.657 159.657 159.657  0 0 0 0 0 0 
 0.94945 0.0322995   -0.337068 0.0228856 -0.269885  0.0958506 0.400262 -0.878234 -0.243531   -5.20325 1.20721 -2.63184  2.49664 8.08813 -0.225586   -0.498359 0.0275117 0.688281  0.870887 0.170258 -0.461052 0.0445812 -0.961579 -0.270884 -0.489458 0.215355 -0.845017   2660.95 2660.95 2660.95 159.657 159.657 159.657  0 0 0 0 0 0 
 0.959432 0.0322995   -0.337068 0.0228856 -0.269885  0.0958506 0.400262 -0.878234 -0.243531   -5.5249 1.35547 -2.63184  2.62024 8.28784 -0.143555   -0.498383 0.0270515 0.688152  0.871123 0.170894 -0.460369 0.0457019 -0.961637 -0.270492 -0.488933 0.214592 -0.845514   2660.95 2660.95 2660.95 159.657 159.657 159.657  0 0 0 0 0 0 
 0.969429 0.0322995   -0.337068 0.0228856 -0.269885  0.0958506 0.400262 -0.878234 -0.243531   -5.58167 1.27075 -3.1958  2.54608 8.3877 -0.225586   -0.498405 0.0265279 0.688025  0.871407 0.171615 -0.459562 0.0469792 -0.9617 -0.270049 -0.488306 0.213733 -0.846094   2660.95 2660.95 2660.95 159.657 159.657 159.657  0 0 0 0 0 0 
 0.979425 0.0144237   -0.282592 -0.0268219 0.328067  0.196872 -0.864559 -0.432362 0.163835   -6.18713 1.08014 -2.96082  2.42249 8.98682 -0.246094   -0.498428 0.0259498 0.687905  0.8717 0.172424 -0.458703 0.0483799 -0.961762 -0.269581 -0.487645 0.212802 -0.84671   2285.36 2285.36 2285.36 137.122 137.122 137.122  0 0 0 0 0 0 
 0.989433 0.0144237   -0.282592 -0.0268219 0.328067  0.196872 -0.864559 -0.432362 0.163835   -6.43311 1.31311 -3.33679  2.66968 9.18652 -0.328125   -0.498455 0.0253395 0.687789  0.871952 0.173308 -0.457892 0.0498484 -0.961817 -0.269115 -0.487048 0.21183 -0.847297   2285.36 2285.36 2285.36 137.122 137.122 137.122  0 0 0 0 0 0 
 0.999426 0.0144237   -0.282592 -0.0268219 0.328067  0.196872 -0.864559 -0.432362 0.163835   -5.92224 1.60962 -3.94775  2.99103 8.63733 -0.410156   -0.498482 0.0246702 0.687667  0.872217 0.174274 -0.457019 0.0514567 -0.96188 -0.268587 -0.486406 0.21075 -0.847935   2285.36 2285.36 2285.36 137.122 137.122 137.122  0 0 0 0 0 0 
 1.00946 0.0144237   -0.282592 -0.0268219 0.328067  0.196872 -0.864559 -0.432362 0.163835   -5.84656 1.86377 -3.75977  3.13934 8.43762 -0.389648   -0.498496 0.0239471 0.687544  0.872547 0.1753 -0.455995 0.0532053 -0.961949 -0.267998 -0.485624 0.209579 -0.848673   2285.36 2285.36 2285.36 137.122 137.122 137.122  0 0 0 0 0 0 
 1.01944 0.0144237   -0.282592 -0.0268219 0.328067  0.196872 -0.864559 -0.432362 0.163835   -6.50879 1.58844 -3.52478  2.94159 8.96185 -0.328125   -0.4985 0.0231888 0.687428  0.872871 0.176398 -0.454951 0.0550408 -0.962013 -0.267398 -0.484837 0.208363 -0.849422   2285.36 2285.36 2285.36 137.122 137.122 137.122  0 0 0 0 0 0 
 1.02944 0.0144237   -0.282592 -0.0268219 0.328067  0.196872 -0.864559 -0.432362 0.163835   -6.14929 1.69434 -4.13574  2.89215 8.66229 -0.410156   -0.498511 0.0223798 0.68731  0.873146 0.177611 -0.45395 0.0569888 -0.962066 -0.2668 -0.484116 0.207085 -0.850145   2285.36 2285.36 2285.36 137.122 137.122 137.122  0 0 0 0 0 0 
 1.03945 0.0144237   -0.282592 -0.0268219 0.328067  0.196872 -0.864559 -0.432362 0.163835   -6.01685 2.1391 -3.57178  3.23822 8.31281 -0.47168   -0.498509 0.0215195 0.68719  0.873481 0.178882 -0.452805 0.0590807 -0.962127 -0.266122 -0.483261 0.2057 -0.850968   2285.36 2285.36 2285.36 137.122 137.122 137.122  0 0 0 0 0 0 
 1.04944 0.0144237   -0.282592 -0.0268219 0.328067  0.196872 -0.864559 -0.432362 0.163835   -6.28174 1.44019 -3.52478  2.74384 8.36273 -0.492188   -0.498491 0.0206371 0.687077  0.873845 0.180175 -0.451589 0.0612449 -0.962195 -0.265385 -0.482332 0.204248 -0.851844   2285.36 2285.36 2285.36 137.122 137.122 137.122  0 0 0 0 0 0 
 1.05942 0.0144237   -0.282592 -0.0268219 0.328067  0.196872 -0.864559 -0.432362 0.163835   -5.94116 2.05438 -3.94775  3.31238 8.21295 -0.553711   -0.498476 0.0197252 0.686963  0.874159 0.18154 -0.450432 0.0634589 -0.96225 -0.264665 -0.481476 0.202775 -0.85268   2285.36 2285.36 2285.36 137.122 137.122 137.122  0 0 0 0 0 0 
 1.06943 0.0144237   -0.282592 -0.0268219 0.328067  0.196872 -0.864559 -0.432362 0.163835   -6.07361 1.71552 -4.13574  3.0899 8.03821 -0.574219   -0.498443 0.0187844 0.686846  0.874562 0.182913 -0.449092 0.0657723 -0.962315 -0.263862 -0.480432 0.201226 -0.853635   2285.36 2285.36 2285.36 137.122 137.122 137.122  0 0 0 0 0 0 
 1.07944 0.0151681   -0.287801 -0.012333 0.322923  0.189029 -0.873869 -0.419975 0.155696   -5.92224 1.88495 -3.94775  3.16406 7.91339 -0.47168   -0.49842 0.0177763 0.686736  0.874901 0.184428 -0.447811 0.0682286 -0.962368 -0.263046 -0.479472 0.199585 -0.854559   3035.19 3035.19 3035.19 182.111 182.111 182.111  0 0 0 0 0 0 
 1.08943 0.0151681   -0.287801 -0.012333 0.322923  0.189029 -0.873869 -0.419975 0.155696   -6.13037 2.47797 -4.18274  3.90564 8.16302 -0.553711   -0.498372 0.0167893 0.686643  0.875214 0.18592 -0.44658 0.0706578 -0.962424 -0.262198 -0.478548 0.197925 -0.855464   3035.19 3035.19 3035.19 182.111 182.111 182.111  0 0 0 0 0 0 
 1.09944 0.0151681   -0.287801 -0.012333 0.322923  0.189029 -0.873869 -0.419975 0.155696   -6.90613 1.75787 -3.90076  3.0899 8.63733 -0.492188   -0.498326 0.0157182 0.686545  0.875516 0.187559 -0.445302 0.0732869 -0.962472 -0.261297 -0.477599 0.196135 -0.856405   3035.19 3035.19 3035.19 182.111 182.111 182.111  0 0 0 0 0 0 
 1.10945 0.0151681   -0.287801 -0.012333 0.322923  0.189029 -0.873869 -0.419975 0.155696   -6.71692 2.18146 -3.94775  3.51013 8.88696 -0.574219   -0.498287 0.0146497 0.686448  0.875726 0.18923 -0.44418 0.0758896 -0.962506 -0.260427 -0.476807 0.194354 -0.857253   3035.19 3035.19 3035.19 182.111 182.111 182.111  0 0 0 0 0 0 
 1.11944 0.0151681   -0.287801 -0.012333 0.322923  0.189029 -0.873869 -0.419975 0.155696   -7.18994 2.49915 -3.90076  3.75732 9.16156 -0.574219   -0.498231 0.0135501 0.68636  0.875959 0.19093 -0.442992 0.0785742 -0.962545 -0.259487 -0.475943 0.192492 -0.858152   3035.19 3035.19 3035.19 182.111 182.111 182.111  0 0 0 0 0 0 
 1.12943 0.0151681   -0.287801 -0.012333 0.322923  0.189029 -0.873869 -0.419975 0.155696   -7.37915 1.96967 -4.22974  3.11462 9.43616 -0.574219   -0.498181 0.012422 0.686277  0.876143 0.192682 -0.441867 0.0812918 -0.96257 -0.258554 -0.475147 0.190611 -0.859013   3035.19 3035.19 3035.19 182.111 182.111 182.111  0 0 0 0 0 0 
 1.13943 0.0151681   -0.287801 -0.012333 0.322923  0.189029 -0.873869 -0.419975 0.155696   -7.03857 2.43561 -4.27673  3.7326 8.98682 -0.65625   -0.498129 0.0112756 0.686195  0.876291 0.194442 -0.440802 0.0840212 -0.962597 -0.257582 -0.474399 0.18868 -0.859852   3035.19 3035.19 3035.19 182.111 182.111 182.111  0 0 0 0 0 0 
 1.14943 0.0151681   -0.287801 -0.012333 0.322923  0.189029 -0.873869 -0.419975 0.155696   -7.41699 2.58386 -4.08875  3.78204 9.26141 -0.574219   -0.498065 0.0100924 0.686119  0.87646 0.196201 -0.439685 0.0867979 -0.96263 -0.256534 -0.473586 0.186678 -0.860737   3035.19 3035.19 3035.19 182.111 182.111 182.111  0 0 0 0 0 0 
 1.15943 0.0151681   -0.287801 -0.012333 0.322923  0.189029 -0.873869 -0.419975 0.155696   -7.01965 2.35089 -4.32373  3.70789 8.76215 -0.492188   -0.498001 0.00888835 0.686052  0.876554 0.197992 -0.438694 0.0895805 -0.962656 -0.255477 -0.472894 0.184641 -0.861556   3035.19 3035.19 3035.19 182.111 182.111 182.111  0 0 0 0 0 0 
 1.16943 0.0151681   -0.287801 -0.012333 0.322923  0.189029 -0.873869 -0.419975 0.155696   -6.75476 2.71094 -4.37073  4.25171 8.41266 -0.492188   -0.497934 0.00765087 0.685978  0.87667 0.199807 -0.437638 0.0924281 -0.96268 -0.25437 -0.47213 0.182548 -0.862421   3035.19 3035.19 3035.19 182.111 182.111 182.111  0 0 0 0 0 0 
