 TimeStamp manip.manip_measure_out_port tt.outport_grip.position.x tt.outport_grip.position.y tt.outport_grip.position.z tt.outport_grip.orientation.x tt.outport_grip.orientation.y tt.outport_grip.orientation.z tt.outport_grip.orientation.w jr3.ForceTorqueOutputPort.forces.0 jr3.ForceTorqueOutputPort.forces.1 jr3.ForceTorqueOutputPort.forces.2 jr3.ForceTorqueOutputPort.torques.0 jr3.ForceTorqueOutputPort.torques.1 jr3.ForceTorqueOutputPort.torques.2 test.cart_pose_loop_out_port.p.X test.cart_pose_loop_out_port.p.Y test.cart_pose_loop_out_port.p.Z test.cart_pose_loop_out_port.M.X_x test.cart_pose_loop_out_port.M.X_y test.cart_pose_loop_out_port.M.X_z test.cart_pose_loop_out_port.M.Y_x test.cart_pose_loop_out_port.M.Y_y test.cart_pose_loop_out_port.M.Y_z test.cart_pose_loop_out_port.M.Z_x test.cart_pose_loop_out_port.M.Z_y test.cart_pose_loop_out_port.M.Z_z stiff.cart_stiffdamp_out_port.stiffness.0 stiff.cart_stiffdamp_out_port.stiffness.1 stiff.cart_stiffdamp_out_port.stiffness.2 stiff.cart_stiffdamp_out_port.stiffness.3 stiff.cart_stiffdamp_out_port.stiffness.4 stiff.cart_stiffdamp_out_port.stiffness.5 stiff.cart_stiffdamp_out_port.damping.0 stiff.cart_stiffdamp_out_port.damping.1 stiff.cart_stiffdamp_out_port.damping.2 stiff.cart_stiffdamp_out_port.damping.3 stiff.cart_stiffdamp_out_port.damping.4 stiff.cart_stiffdamp_out_port.damping.5
 7.68e-07 0.0312783   -0.345812 0.148511 -0.0987737  0.910178 -0.105632 -0.25635 0.307739   -0.132446 0.847168 -0.657959  1.13708 1.57269 -0.18457   -0.563912 -0.117808 0.621421  0.75792 0.506126 -0.411574 0.460386 -0.861983 -0.212201 -0.46217 -0.0286521 -0.886328   3573.21 3573.21 3573.21 214.392 214.392 214.392  0 0 0 0 0 0 
 0.0102764 0.0312783   -0.345812 0.148511 -0.0987737  0.910178 -0.105632 -0.25635 0.307739   0.0189209 0.78363 -0.845947  1.08765 1.27313 -0.266602   -0.563897 -0.117878 0.621424  0.757854 0.506221 -0.41158 0.460493 -0.861926 -0.212203 -0.462173 -0.0287104 -0.886325   3573.21 3573.21 3573.21 214.392 214.392 214.392  0 0 0 0 0 0 
 0.0200299 0.0312783   -0.345812 0.148511 -0.0987737  0.910178 -0.105632 -0.25635 0.307739   -0.0378418 0.614197 -0.845947  1.08765 1.17328 -0.266602   -0.563884 -0.117945 0.62143  0.757787 0.506313 -0.41159 0.460593 -0.86187 -0.212212 -0.462182 -0.0287644 -0.886318   3573.21 3573.21 3573.21 214.392 214.392 214.392  0 0 0 0 0 0 
 0.0300159 0.0312783   -0.345812 0.148511 -0.0987737  0.910178 -0.105632 -0.25635 0.307739   0.170288 0.78363 -0.469971  1.13708 0.973572 -0.266602   -0.563874 -0.118001 0.621441  0.757724 0.506391 -0.41161 0.460676 -0.861823 -0.212224 -0.462203 -0.0288116 -0.886306   3573.21 3573.21 3573.21 214.392 214.392 214.392  0 0 0 0 0 0 
 0.0400534 0.0312783   -0.345812 0.148511 -0.0987737  0.910178 -0.105632 -0.25635 0.307739   0.0189209 0.868347 -1.03394  1.18652 1.17328 -0.348633   -0.563867 -0.118048 0.621455  0.757667 0.506458 -0.411632 0.460744 -0.861782 -0.212243 -0.462229 -0.0288473 -0.886291   3573.21 3573.21 3573.21 214.392 214.392 214.392  0 0 0 0 0 0 
 0.0500516 0.0312783   -0.345812 0.148511 -0.0987737  0.910178 -0.105632 -0.25635 0.307739   0.0189209 0.868347 -0.469971  1.2854 1.24817 -0.266602   -0.563861 -0.118089 0.621469  0.757616 0.506515 -0.411657 0.460801 -0.861747 -0.21226 -0.462257 -0.0288807 -0.886276   3573.21 3573.21 3573.21 214.392 214.392 214.392  0 0 0 0 0 0 
 0.0600739 0.0312783   -0.345812 0.148511 -0.0987737  0.910178 -0.105632 -0.25635 0.307739   0.0189209 0.78363 -0.845947  1.18652 1.17328 -0.266602   -0.563856 -0.118124 0.621481  0.757571 0.506566 -0.411677 0.460852 -0.861717 -0.212273 -0.462279 -0.0289103 -0.886263   3573.21 3573.21 3573.21 214.392 214.392 214.392  0 0 0 0 0 0 
 0.0700602 0.0310717   -0.342844 0.150853 -0.0912985  0.90851 -0.107224 -0.26284 0.30664   0.0189209 0.78363 -0.845947  1.18652 1.07343 -0.348633   -0.56385 -0.118162 0.621491  0.757526 0.506618 -0.411695 0.460906 -0.861685 -0.212285 -0.462299 -0.0289412 -0.886252   3517.54 3517.54 3517.54 211.052 211.052 211.052  0 0 0 0 0 0 
 0.0800628 0.0310717   -0.342844 0.150853 -0.0912985  0.90851 -0.107224 -0.26284 0.30664   -0.0378418 0.614197 -0.657959  0.98877 1.17328 -0.348633   -0.563844 -0.118198 0.621503  0.757481 0.506669 -0.411715 0.460958 -0.861654 -0.212298 -0.462321 -0.0289719 -0.886239   3517.54 3517.54 3517.54 211.052 211.052 211.052  0 0 0 0 0 0 
 0.0900588 0.0310717   -0.342844 0.150853 -0.0912985  0.90851 -0.107224 -0.26284 0.30664   -0.189209 0.593018 -1.03394  0.914612 1.39795 -0.348633   -0.563839 -0.118228 0.621514  0.757442 0.506711 -0.411734 0.461001 -0.861628 -0.212311 -0.462342 -0.0289965 -0.886228   3517.54 3517.54 3517.54 211.052 211.052 211.052  0 0 0 0 0 0 
 0.100062 0.0310717   -0.342844 0.150853 -0.0912985  0.90851 -0.107224 -0.26284 0.30664   -0.264893 0.508301 -0.610962  0.815735 1.39795 -0.348633   -0.563837 -0.118251 0.621527  0.757407 0.506745 -0.411757 0.461032 -0.861607 -0.212325 -0.462368 -0.0290166 -0.886213   3517.54 3517.54 3517.54 211.052 211.052 211.052  0 0 0 0 0 0 
 0.110078 0.0310717   -0.342844 0.150853 -0.0912985  0.90851 -0.107224 -0.26284 0.30664   -0.0378418 0.698914 -0.657959  1.06293 0.973572 -0.18457   -0.563835 -0.118272 0.621543  0.757371 0.506776 -0.411785 0.461059 -0.861588 -0.212344 -0.4624 -0.0290339 -0.886196   3517.54 3517.54 3517.54 211.052 211.052 211.052  0 0 0 0 0 0 
 0.120069 0.0310717   -0.342844 0.150853 -0.0912985  0.90851 -0.107224 -0.26284 0.30664   0.113525 0.698914 -0.657959  1.01349 0.873718 -0.266602   -0.563834 -0.118291 0.621559  0.757337 0.506805 -0.411813 0.461083 -0.861571 -0.212363 -0.462433 -0.0290495 -0.886178   3517.54 3517.54 3517.54 211.052 211.052 211.052  0 0 0 0 0 0 
 0.130086 0.0310717   -0.342844 0.150853 -0.0912985  0.90851 -0.107224 -0.26284 0.30664   0.340576 0.635376 -0.704956  0.96405 0.474304 -0.18457   -0.563835 -0.118305 0.621579  0.757302 0.506829 -0.411846 0.461098 -0.861557 -0.212388 -0.462473 -0.0290598 -0.886157   3517.54 3517.54 3517.54 211.052 211.052 211.052  0 0 0 0 0 0 
 0.14006 0.0310717   -0.342844 0.150853 -0.0912985  0.90851 -0.107224 -0.26284 0.30664   0.41626 0.635376 -0.704956  0.865173 0.274597 -0.18457   -0.563836 -0.118316 0.621602  0.757268 0.506848 -0.411885 0.461108 -0.861545 -0.212414 -0.462519 -0.0290691 -0.886133   3517.54 3517.54 3517.54 211.052 211.052 211.052  0 0 0 0 0 0 
 0.150013 0.0310717   -0.342844 0.150853 -0.0912985  0.90851 -0.107224 -0.26284 0.30664   0.340576 0.550659 -0.657959  0.840454 0.274597 -0.266602   -0.563839 -0.118325 0.62163  0.757229 0.506871 -0.411931 0.461114 -0.861532 -0.212454 -0.462578 -0.0290703 -0.886102   3517.54 3517.54 3517.54 211.052 211.052 211.052  0 0 0 0 0 0 
 0.160078 0.0310717   -0.342844 0.150853 -0.0912985  0.90851 -0.107224 -0.26284 0.30664   0.643311 0.571838 -0.892944  0.692139 -0.0998535 -0.348633   -0.563843 -0.118338 0.621668  0.757177 0.506898 -0.411993 0.461121 -0.861516 -0.212504 -0.462656 -0.0290757 -0.886061   3517.54 3517.54 3517.54 211.052 211.052 211.052  0 0 0 0 0 0 
 0.170067 0.0309367   -0.341369 0.151119 -0.0901827  -0.313357 0.177063 -0.100945 0.927505   0.737915 0.338867 -0.704956  0.543823 -0.399414 -0.348633   -0.563849 -0.118351 0.621715  0.757112 0.506936 -0.412065 0.461128 -0.861493 -0.21258 -0.462756 -0.0290675 -0.886009   3484.37 3484.37 3484.37 209.062 209.062 209.062  0 0 0 0 0 0 
 0.180057 0.0309367   -0.341369 0.151119 -0.0901827  -0.313357 0.177063 -0.100945 0.927505   0.756836 0.232971 -0.516968  0.420227 -0.474304 -0.18457   -0.563855 -0.118366 0.621774  0.757034 0.506991 -0.41214 0.461134 -0.861462 -0.212692 -0.462876 -0.0290372 -0.885947   3484.37 3484.37 3484.37 209.062 209.062 209.062  0 0 0 0 0 0 
 0.190047 0.0309367   -0.341369 0.151119 -0.0901827  -0.313357 0.177063 -0.100945 0.927505   0.681152 0.0635376 -0.516968  0.32135 -0.574158 -0.18457   -0.563862 -0.118382 0.621839  0.756948 0.507059 -0.412214 0.461142 -0.861424 -0.212831 -0.463009 -0.0289876 -0.885879   3484.37 3484.37 3484.37 209.062 209.062 209.062  0 0 0 0 0 0 
 0.200054 0.0309367   -0.341369 0.151119 -0.0901827  -0.313357 0.177063 -0.100945 0.927505   0.83252 0.169434 -0.328979  0.173035 -0.773865 -0.18457   -0.563869 -0.118398 0.621911  0.756854 0.507146 -0.41228 0.461149 -0.861375 -0.213012 -0.463156 -0.0289039 -0.885805   3484.37 3484.37 3484.37 209.062 209.062 209.062  0 0 0 0 0 0 
 0.210065 0.0309367   -0.341369 0.151119 -0.0901827  -0.313357 0.177063 -0.100945 0.927505   1.00281 0 -0.704956  0.0741577 -0.848755 -0.18457   -0.563877 -0.118416 0.621991  0.756749 0.507245 -0.41235 0.461157 -0.86132 -0.213217 -0.463319 -0.0288066 -0.885723   3484.37 3484.37 3484.37 209.062 209.062 209.062  0 0 0 0 0 0 
 0.220064 0.0309367   -0.341369 0.151119 -0.0901827  -0.313357 0.177063 -0.100945 0.927505   0.775757 -0.105896 -0.657959  -0.098877 -0.649048 -0.102539   -0.563885 -0.11843 0.62207  0.756647 0.507349 -0.41241 0.46116 -0.861263 -0.213441 -0.463482 -0.0286881 -0.885642   3484.37 3484.37 3484.37 209.062 209.062 209.062  0 0 0 0 0 0 
 0.230066 0.0309367   -0.341369 0.151119 -0.0901827  -0.313357 0.177063 -0.100945 0.927505   0.794678 -0.190613 -1.03394  -0.098877 -0.748901 -0.102539   -0.563893 -0.118442 0.622151  0.756547 0.507454 -0.412465 0.461159 -0.861205 -0.213676 -0.463648 -0.0285561 -0.885559   3484.37 3484.37 3484.37 209.062 209.062 209.062  0 0 0 0 0 0 
 0.240069 0.0309367   -0.341369 0.151119 -0.0901827  -0.313357 0.177063 -0.100945 0.927505   0.85144 -0.190613 -0.845947  -0.098877 -0.649048 -0.0205078   -0.563901 -0.118452 0.622237  0.756443 0.507556 -0.41253 0.461153 -0.86115 -0.213912 -0.463822 -0.0284268 -0.885472   3484.37 3484.37 3484.37 209.062 209.062 209.062  0 0 0 0 0 0 
 0.250061 0.0309367   -0.341369 0.151119 -0.0901827  -0.313357 0.177063 -0.100945 0.927505   0.775757 -0.105896 -0.845947  -0.0741577 -0.549194 -0.0205078   -0.563908 -0.118459 0.622325  0.756342 0.507649 -0.412601 0.46114 -0.861099 -0.214145 -0.464001 -0.0283002 -0.885382   3484.37 3484.37 3484.37 209.062 209.062 209.062  0 0 0 0 0 0 
 0.260059 0.0309367   -0.341369 0.151119 -0.0901827  -0.313357 0.177063 -0.100945 0.927505   0.756836 0.148254 -0.704956  0.222473 -0.474304 -0.0205078   -0.563916 -0.118465 0.622412  0.756243 0.507733 -0.41268 0.461123 -0.861054 -0.214365 -0.46418 -0.0281839 -0.885293   3484.37 3484.37 3484.37 209.062 209.062 209.062  0 0 0 0 0 0 
 0.270015 0.0310584   -0.343093 0.149583 -0.0921946  0.918479 -0.122709 -0.256111 0.275219   0.586548 0.402405 -0.704956  0.444946 -0.399414 0.0615234   -0.563924 -0.118471 0.622499  0.756145 0.507802 -0.412773 0.461103 -0.861015 -0.214561 -0.464358 -0.0280918 -0.885202   3511.28 3511.28 3511.28 210.677 210.677 210.677  0 0 0 0 0 0 
 0.280064 0.0310584   -0.343093 0.149583 -0.0921946  0.918479 -0.122709 -0.256111 0.275219   0.359497 0.550659 -0.892944  0.617981 -0.0998535 -0.0205078   -0.563932 -0.118488 0.622581  0.756044 0.507864 -0.412882 0.461102 -0.86098 -0.214705 -0.464524 -0.0280536 -0.885116   3511.28 3511.28 3511.28 210.677 210.677 210.677  0 0 0 0 0 0 
 0.290089 0.0310584   -0.343093 0.149583 -0.0921946  0.918479 -0.122709 -0.256111 0.275219   -0.0378418 0.78363 -1.03394  0.791016 0.499268 -0.0205078   -0.563939 -0.118514 0.622657  0.755938 0.507917 -0.413011 0.461118 -0.860949 -0.214798 -0.464681 -0.0280729 -0.885033   3511.28 3511.28 3511.28 210.677 210.677 210.677  0 0 0 0 0 0 
 0.300063 0.0310584   -0.343093 0.149583 -0.0921946  0.918479 -0.122709 -0.256111 0.275219   -0.41626 0.593018 -0.79895  0.741577 0.698975 -0.0205078   -0.563946 -0.118546 0.622729  0.755831 0.507975 -0.413136 0.461147 -0.860913 -0.214877 -0.464827 -0.0281055 -0.884955   3511.28 3511.28 3511.28 210.677 210.677 210.677  0 0 0 0 0 0 
 0.310054 0.0310584   -0.343093 0.149583 -0.0921946  0.918479 -0.122709 -0.256111 0.275219   -0.473022 0.593018 -1.17493  0.568542 1.12335 -0.18457   -0.563953 -0.118579 0.622798  0.755725 0.508031 -0.41326 0.461178 -0.860879 -0.214949 -0.464967 -0.028144 -0.88488   3511.28 3511.28 3511.28 210.677 210.677 210.677  0 0 0 0 0 0 
 0.320059 0.0310584   -0.343093 0.149583 -0.0921946  0.918479 -0.122709 -0.256111 0.275219   -0.643311 0.741272 -0.986938  0.667419 1.19824 -0.18457   -0.563958 -0.118618 0.622863  0.755619 0.508093 -0.413378 0.46122 -0.860841 -0.215011 -0.465099 -0.0281914 -0.88481   3511.28 3511.28 3511.28 210.677 210.677 210.677  0 0 0 0 0 0 
 0.330065 0.0310584   -0.343093 0.149583 -0.0921946  0.918479 -0.122709 -0.256111 0.275219   -0.491943 0.762451 -0.610962  0.766296 1.09839 -0.18457   -0.563959 -0.118667 0.62292  0.755512 0.508167 -0.413482 0.461276 -0.860795 -0.215071 -0.465216 -0.0282403 -0.884747   3511.28 3511.28 3511.28 210.677 210.677 210.677  0 0 0 0 0 0 
 0.340056 0.0310584   -0.343093 0.149583 -0.0921946  0.918479 -0.122709 -0.256111 0.275219   -0.41626 0.677734 -0.79895  0.692139 1.19824 -0.266602   -0.563958 -0.118713 0.622971  0.755415 0.508238 -0.413572 0.461331 -0.860752 -0.215127 -0.465319 -0.0282834 -0.884691   3511.28 3511.28 3511.28 210.677 210.677 210.677  0 0 0 0 0 0 
 0.350062 0.0310584   -0.343093 0.149583 -0.0921946  0.918479 -0.122709 -0.256111 0.275219   -0.491943 0.762451 -0.610962  0.889893 1.2981 -0.266602   -0.563956 -0.118754 0.623011  0.755335 0.5083 -0.413642 0.46138 -0.860714 -0.215173 -0.4654 -0.0283185 -0.884647   3511.28 3511.28 3511.28 210.677 210.677 210.677  0 0 0 0 0 0 
 0.360054 0.0310584   -0.343093 0.149583 -0.0921946  0.918479 -0.122709 -0.256111 0.275219   -0.510864 0.931885 -0.610962  1.11237 1.37299 -0.348633   -0.563954 -0.118789 0.623041  0.755271 0.508353 -0.413694 0.461426 -0.860682 -0.215205 -0.465459 -0.028351 -0.884615   3511.28 3511.28 3511.28 210.677 210.677 210.677  0 0 0 0 0 0 
 0.370076 0.0297968   -0.330591 0.148425 -0.105181  0.0613072 -0.521286 0.82223 0.220092   -0.359497 0.931885 -0.986938  1.03821 1.47284 -0.430664   -0.56395 -0.118831 0.623064  0.755208 0.508413 -0.413736 0.461482 -0.860645 -0.21523 -0.465506 -0.0283886 -0.884589   3233.28 3233.28 3233.28 193.997 193.997 193.997  0 0 0 0 0 0 
 0.3801 0.0297968   -0.330591 0.148425 -0.105181  0.0613072 -0.521286 0.82223 0.220092   -0.283813 0.847168 -0.79895  1.01349 1.37299 -0.430664   -0.563944 -0.118874 0.623083  0.755149 0.508474 -0.413768 0.461542 -0.860608 -0.215251 -0.465542 -0.0284249 -0.884569   3233.28 3233.28 3233.28 193.997 193.997 193.997  0 0 0 0 0 0 
 0.390064 0.0297968   -0.330591 0.148425 -0.105181  0.0613072 -0.521286 0.82223 0.220092   -0.20813 0.847168 -0.422974  1.11237 1.57269 -0.430664   -0.563937 -0.118919 0.623098  0.755091 0.508539 -0.413795 0.461607 -0.860569 -0.215268 -0.465571 -0.0284638 -0.884553   3233.28 3233.28 3233.28 193.997 193.997 193.997  0 0 0 0 0 0 
 0.400072 0.0297968   -0.330591 0.148425 -0.105181  0.0613072 -0.521286 0.82223 0.220092   0.0189209 0.868347 -0.469971  1.2854 1.24817 -0.512695   -0.56393 -0.118965 0.623109  0.755037 0.508603 -0.413814 0.461675 -0.860529 -0.21528 -0.465592 -0.028503 -0.884541   3233.28 3233.28 3233.28 193.997 193.997 193.997  0 0 0 0 0 0 
 0.410066 0.0297968   -0.330591 0.148425 -0.105181  0.0613072 -0.521286 0.82223 0.220092   0.151367 0.974243 -0.657959  1.35956 1.14832 -0.512695   -0.563923 -0.119012 0.62312  0.754982 0.508667 -0.413836 0.461742 -0.86049 -0.215294 -0.465614 -0.0285424 -0.884527   3233.28 3233.28 3233.28 193.997 193.997 193.997  0 0 0 0 0 0 
 0.420058 0.0297968   -0.330591 0.148425 -0.105181  0.0613072 -0.521286 0.82223 0.220092   0.378418 1.05896 -0.140991  1.55731 1.0235 -0.512695   -0.563915 -0.119057 0.623133  0.754927 0.50873 -0.41386 0.461807 -0.860452 -0.215306 -0.465639 -0.028583 -0.884513   3233.28 3233.28 3233.28 193.997 193.997 193.997  0 0 0 0 0 0 
 0.43007 0.0297968   -0.330591 0.148425 -0.105181  0.0613072 -0.521286 0.82223 0.220092   0.283813 1.05896 0.0469971  1.65619 1.0235 -0.492188   -0.563908 -0.119106 0.623149  0.754865 0.508798 -0.413888 0.461877 -0.86041 -0.215324 -0.46567 -0.0286245 -0.884496   3233.28 3233.28 3233.28 193.997 193.997 193.997  0 0 0 0 0 0 
 0.440013 0.0297968   -0.330591 0.148425 -0.105181  0.0613072 -0.521286 0.82223 0.220092   0.132446 1.14368 -0.140991  1.70563 1.32306 -0.512695   -0.563902 -0.119155 0.623168  0.7548 0.508868 -0.413922 0.461947 -0.860367 -0.215345 -0.465707 -0.0286678 -0.884475   3233.28 3233.28 3233.28 193.997 193.997 193.997  0 0 0 0 0 0 
 0.450062 0.0297968   -0.330591 0.148425 -0.105181  0.0613072 -0.521286 0.82223 0.220092   -0.0946045 1.20721 0.0939941  1.63147 1.52277 -0.594727   -0.563895 -0.119207 0.623185  0.754734 0.508941 -0.413952 0.462022 -0.860323 -0.215362 -0.465738 -0.0287143 -0.884456   3233.28 3233.28 3233.28 193.997 193.997 193.997  0 0 0 0 0 0 
 0.460062 0.0297968   -0.330591 0.148425 -0.105181  0.0613072 -0.521286 0.82223 0.220092   -0.170288 1.1225 -0.281982  1.77979 1.72247 -0.594727   -0.563886 -0.119259 0.623195  0.754675 0.509013 -0.413971 0.4621 -0.860278 -0.215371 -0.465757 -0.0287612 -0.884445   3233.28 3233.28 3233.28 193.997 193.997 193.997  0 0 0 0 0 0 
 0.470021 0.0295696   -0.327833 0.150259 -0.101714  0.921236 -0.155025 -0.244213 0.260099   -0.170288 1.10132 0.469971  1.68091 1.82233 -0.512695   -0.563876 -0.119315 0.623195  0.754623 0.509087 -0.413974 0.462188 -0.860233 -0.215365 -0.465753 -0.0288138 -0.884445   3184.89 3184.89 3184.89 191.093 191.093 191.093  0 0 0 0 0 0 
 0.480112 0.0295696   -0.327833 0.150259 -0.101714  0.921236 -0.155025 -0.244213 0.260099   -0.245972 1.0166 0.0939941  1.70563 1.92218 -0.758789   -0.563865 -0.119375 0.623192  0.75457 0.509167 -0.413972 0.462283 -0.860184 -0.215358 -0.465745 -0.0288693 -0.884448   3184.89 3184.89 3184.89 191.093 191.093 191.093  0 0 0 0 0 0 
 0.490071 0.0295696   -0.327833 0.150259 -0.101714  0.921236 -0.155025 -0.244213 0.260099   -0.170288 1.0166 0.469971  1.58203 1.94714 -0.676758   -0.563853 -0.119438 0.623187  0.754516 0.509251 -0.413967 0.462383 -0.860132 -0.215348 -0.465733 -0.0289274 -0.884453   3184.89 3184.89 3184.89 191.093 191.093 191.093  0 0 0 0 0 0 
 0.500058 0.0295696   -0.327833 0.150259 -0.101714  0.921236 -0.155025 -0.244213 0.260099   -0.170288 0.953064 0.0939941  1.58203 1.94714 -0.594727   -0.563841 -0.119502 0.623185  0.754461 0.509335 -0.413965 0.462483 -0.86008 -0.215341 -0.465724 -0.0289856 -0.884455   3184.89 3184.89 3184.89 191.093 191.093 191.093  0 0 0 0 0 0 
 0.510057 0.0295696   -0.327833 0.150259 -0.101714  0.921236 -0.155025 -0.244213 0.260099   -0.113525 1.20721 0.234985  1.97754 1.89722 -0.676758   -0.563828 -0.119567 0.623181  0.754403 0.509423 -0.413962 0.462585 -0.860026 -0.215336 -0.465715 -0.029042 -0.884458   3184.89 3184.89 3184.89 191.093 191.093 191.093  0 0 0 0 0 0 
 0.520051 0.0295696   -0.327833 0.150259 -0.101714  0.921236 -0.155025 -0.244213 0.260099   -0.0378418 1.37665 0.79895  2.07642 1.79736 -0.65625   -0.563815 -0.119632 0.62318  0.754345 0.50951 -0.413961 0.462687 -0.859973 -0.215332 -0.465709 -0.0290999 -0.884459   3184.89 3184.89 3184.89 191.093 191.093 191.093  0 0 0 0 0 0 
 0.530062 0.0295696   -0.327833 0.150259 -0.101714  0.921236 -0.155025 -0.244213 0.260099   0.264893 1.39783 0.422974  2.02698 1.59766 -0.738281   -0.563802 -0.119699 0.623178  0.754286 0.509599 -0.413959 0.46279 -0.859918 -0.215328 -0.465702 -0.0291577 -0.884461   3184.89 3184.89 3184.89 191.093 191.093 191.093  0 0 0 0 0 0 
 0.540067 0.0295696   -0.327833 0.150259 -0.101714  0.921236 -0.155025 -0.244213 0.260099   0.340576 1.31311 0.234985  2.00226 1.4978 -0.65625   -0.563788 -0.119767 0.623177  0.754224 0.50969 -0.413959 0.462897 -0.859862 -0.215324 -0.465696 -0.0292174 -0.884462   3184.89 3184.89 3184.89 191.093 191.093 191.093  0 0 0 0 0 0 
 0.55007 0.0295696   -0.327833 0.150259 -0.101714  0.921236 -0.155025 -0.244213 0.260099   0.359497 1.22839 0.79895  1.90338 1.39795 -0.65625   -0.563774 -0.119835 0.623176  0.754164 0.50978 -0.413958 0.463 -0.859806 -0.215323 -0.465691 -0.0292736 -0.884463   3184.89 3184.89 3184.89 191.093 191.093 191.093  0 0 0 0 0 0 
 0.56006 0.0295696   -0.327833 0.150259 -0.101714  0.921236 -0.155025 -0.244213 0.260099   0.510864 1.14368 0.79895  1.90338 1.2981 -0.65625   -0.56376 -0.119904 0.623176  0.754102 0.509873 -0.413957 0.463105 -0.85975 -0.215322 -0.465687 -0.0293311 -0.884463   3184.89 3184.89 3184.89 191.093 191.093 191.093  0 0 0 0 0 0 
 0.570021 0.0291268   -0.323002 0.15168 -0.102702  0.919758 -0.162937 -0.240008 0.264372   0.510864 1.14368 0.234985  1.8045 1.42291 -0.820312   -0.563747 -0.119966 0.623176  0.754045 0.509956 -0.413959 0.4632 -0.859699 -0.215323 -0.465685 -0.0293822 -0.884463   3095.03 3095.03 3095.03 185.702 185.702 185.702  0 0 0 0 0 0 
 0.580101 0.0291268   -0.323002 0.15168 -0.102702  0.919758 -0.162937 -0.240008 0.264372   0.435181 1.08014 0.79895  1.77979 1.32306 -0.984375   -0.563734 -0.120025 0.623176  0.75399 0.510036 -0.413959 0.463291 -0.85965 -0.215323 -0.465683 -0.0294321 -0.884462   3095.03 3095.03 3095.03 185.702 185.702 185.702  0 0 0 0 0 0 
 0.590095 0.0291268   -0.323002 0.15168 -0.102702  0.919758 -0.162937 -0.240008 0.264372   0.567627 1.16486 0.610962  1.87866 1.22321 -0.902344   -0.563723 -0.120078 0.623176  0.753943 0.510107 -0.413959 0.463372 -0.859606 -0.215323 -0.465679 -0.029476 -0.884463   3095.03 3095.03 3095.03 185.702 185.702 185.702  0 0 0 0 0 0 
 0.60006 0.0291268   -0.323002 0.15168 -0.102702  0.919758 -0.162937 -0.240008 0.264372   0.643311 1.33429 0.751953  2.07642 1.19824 -0.984375   -0.563712 -0.120132 0.623176  0.753894 0.510179 -0.413959 0.463455 -0.859562 -0.215322 -0.465676 -0.0295214 -0.884463   3095.03 3095.03 3095.03 185.702 185.702 185.702  0 0 0 0 0 0 
 0.610057 0.0291268   -0.323002 0.15168 -0.102702  0.919758 -0.162937 -0.240008 0.264372   0.870361 1.35547 0.939941  2.22473 0.973572 -0.902344   -0.5637 -0.120187 0.623176  0.753844 0.510252 -0.413959 0.463539 -0.859516 -0.215321 -0.465673 -0.0295676 -0.884463   3095.03 3095.03 3095.03 185.702 185.702 185.702  0 0 0 0 0 0 
 0.620063 0.0291268   -0.323002 0.15168 -0.102702  0.919758 -0.162937 -0.240008 0.264372   1.00281 1.44019 0.939941  2.20001 0.773865 -0.984375   -0.563689 -0.12024 0.623176  0.753795 0.510323 -0.413961 0.463619 -0.859473 -0.215322 -0.465672 -0.0296113 -0.884462   3095.03 3095.03 3095.03 185.702 185.702 185.702  0 0 0 0 0 0 
 0.630066 0.0291268   -0.323002 0.15168 -0.102702  0.919758 -0.162937 -0.240008 0.264372   1.09741 1.37665 0.563965  2.10114 0.798828 -1.06641   -0.563678 -0.120291 0.623176  0.753749 0.510391 -0.413961 0.463697 -0.859431 -0.215322 -0.46567 -0.029654 -0.884462   3095.03 3095.03 3095.03 185.702 185.702 185.702  0 0 0 0 0 0 
 0.640054 0.0291268   -0.323002 0.15168 -0.102702  0.919758 -0.162937 -0.240008 0.264372   1.15417 1.46136 1.12793  2.29889 0.873718 -1.06641   -0.563669 -0.120339 0.623177  0.753704 0.510455 -0.413964 0.46377 -0.859392 -0.215322 -0.46567 -0.0296945 -0.88446   3095.03 3095.03 3095.03 185.702 185.702 185.702  0 0 0 0 0 0 
 0.650086 0.0291268   -0.323002 0.15168 -0.102702  0.919758 -0.162937 -0.240008 0.264372   1.15417 1.37665 1.08093  2.29889 0.748901 -0.984375   -0.563659 -0.120387 0.62318  0.753656 0.510521 -0.41397 0.463843 -0.859351 -0.215327 -0.465674 -0.0297347 -0.884457   3095.03 3095.03 3095.03 185.702 185.702 185.702  0 0 0 0 0 0 
 0.660017 0.0291268   -0.323002 0.15168 -0.102702  0.919758 -0.162937 -0.240008 0.264372   1.28662 1.6308 1.45691  2.5708 0.649048 -1.0459   -0.563652 -0.120433 0.623186  0.753608 0.510583 -0.413981 0.46391 -0.859313 -0.215334 -0.465685 -0.0297726 -0.88445   3095.03 3095.03 3095.03 185.702 185.702 185.702  0 0 0 0 0 0 
 0.670051 0.0290455   -0.322858 0.150259 -0.0991306  0.914444 -0.164817 -0.245105 0.276678   1.3623 1.65198 0.892944  2.64496 0.449341 -1.14844   -0.563646 -0.120478 0.623193  0.753557 0.510646 -0.413995 0.463975 -0.859274 -0.215349 -0.465702 -0.0298056 -0.88444   3072.26 3072.26 3072.26 184.336 184.336 184.336  0 0 0 0 0 0 
 0.680072 0.0290455   -0.322858 0.150259 -0.0991306  0.914444 -0.164817 -0.245105 0.276678   1.3623 1.73669 1.26892  2.76855 0.624084 -1.0459   -0.563642 -0.120524 0.623205  0.753503 0.51071 -0.414015 0.464039 -0.859235 -0.215369 -0.465728 -0.0298382 -0.884425   3072.26 3072.26 3072.26 184.336 184.336 184.336  0 0 0 0 0 0 
 0.69006 0.0290455   -0.322858 0.150259 -0.0991306  0.914444 -0.164817 -0.245105 0.276678   1.43799 1.73669 1.03394  2.86743 0.624084 -1.0459   -0.56364 -0.12057 0.62322  0.753443 0.510777 -0.414043 0.464101 -0.859194 -0.215395 -0.465762 -0.02987 -0.884406   3072.26 3072.26 3072.26 184.336 184.336 184.336  0 0 0 0 0 0 
 0.700014 0.0290455   -0.322858 0.150259 -0.0991306  0.914444 -0.164817 -0.245105 0.276678   1.43799 1.65198 1.26892  2.76855 0.624084 -1.12793   -0.563639 -0.12062 0.623242  0.753374 0.510849 -0.41408 0.464166 -0.859151 -0.21543 -0.465809 -0.0299023 -0.88438   3072.26 3072.26 3072.26 184.336 184.336 184.336  0 0 0 0 0 0 
 0.710061 0.0290455   -0.322858 0.150259 -0.0991306  0.914444 -0.164817 -0.245105 0.276678   1.51367 1.65198 1.08093  2.66968 0.549194 -1.29199   -0.563638 -0.120671 0.623271  0.753294 0.510925 -0.41413 0.464231 -0.859104 -0.215475 -0.465872 -0.0299364 -0.884345   3072.26 3072.26 3072.26 184.336 184.336 184.336  0 0 0 0 0 0 
 0.720018 0.0290455   -0.322858 0.150259 -0.0991306  0.914444 -0.164817 -0.245105 0.276678   1.28662 1.65198 0.704956  2.89215 0.723938 -1.14844   -0.56364 -0.120723 0.623305  0.753208 0.511003 -0.41419 0.464294 -0.859056 -0.215531 -0.465949 -0.0299662 -0.884304   3072.26 3072.26 3072.26 184.336 184.336 184.336  0 0 0 0 0 0 
 0.730104 0.0290455   -0.322858 0.150259 -0.0991306  0.914444 -0.164817 -0.245105 0.276678   1.28662 1.82141 1.08093  2.79327 0.723938 -1.20996   -0.563644 -0.120777 0.623349  0.75311 0.511086 -0.414265 0.464356 -0.859006 -0.215598 -0.466045 -0.029998 -0.884252   3072.26 3072.26 3072.26 184.336 184.336 184.336  0 0 0 0 0 0 
 0.740064 0.0290455   -0.322858 0.150259 -0.0991306  0.914444 -0.164817 -0.245105 0.276678   1.2677 1.82141 1.22192  2.96631 0.624084 -1.20996   -0.56365 -0.120841 0.623394  0.753003 0.511183 -0.414342 0.46443 -0.858947 -0.215671 -0.466145 -0.0300317 -0.884198   3072.26 3072.26 3072.26 184.336 184.336 184.336  0 0 0 0 0 0 
 0.750093 0.0290455   -0.322858 0.150259 -0.0991306  0.914444 -0.164817 -0.245105 0.276678   1.55151 2.01202 1.03394  3.26294 0.474304 -1.29199   -0.563657 -0.120905 0.623442  0.75289 0.511281 -0.414425 0.464504 -0.858888 -0.21575 -0.466253 -0.0300665 -0.88414   3072.26 3072.26 3072.26 184.336 184.336 184.336  0 0 0 0 0 0 
 0.760066 0.0290455   -0.322858 0.150259 -0.0991306  0.914444 -0.164817 -0.245105 0.276678   1.6272 2.01202 1.22192  3.26294 0.499268 -1.29199   -0.563665 -0.120972 0.623494  0.75277 0.511385 -0.414516 0.46458 -0.858825 -0.215837 -0.466372 -0.0301004 -0.884076   3072.26 3072.26 3072.26 184.336 184.336 184.336  0 0 0 0 0 0 
 0.770067 0.0289989   -0.321528 0.152551 -0.100793  0.914269 -0.169805 -0.244203 0.275033   1.6272 2.09674 0.845947  3.46069 0.374451 -1.29199   -0.563674 -0.121046 0.623551  0.752638 0.511498 -0.414615 0.464663 -0.858756 -0.215932 -0.466502 -0.0301378 -0.884007   3068.6 3068.6 3068.6 184.116 184.116 184.116  0 0 0 0 0 0 
 0.780084 0.0289989   -0.321528 0.152551 -0.100793  0.914269 -0.169805 -0.244203 0.275033   1.6272 2.09674 1.03394  3.26294 0.599121 -1.29199   -0.563686 -0.121124 0.623613  0.752496 0.51162 -0.414723 0.46475 -0.858682 -0.216039 -0.466645 -0.0301736 -0.88393   3068.6 3068.6 3068.6 184.116 184.116 184.116  0 0 0 0 0 0 
 0.790047 0.0289989   -0.321528 0.152551 -0.100793  0.914269 -0.169805 -0.244203 0.275033   1.55151 2.09674 1.03394  3.26294 0.698975 -1.29199   -0.563698 -0.121207 0.623681  0.752342 0.511748 -0.414843 0.46484 -0.858604 -0.216154 -0.466803 -0.0302138 -0.883845   3068.6 3068.6 3068.6 184.116 184.116 184.116  0 0 0 0 0 0 
 0.800066 0.0289989   -0.321528 0.152551 -0.100793  0.914269 -0.169805 -0.244203 0.275033   1.55151 2.09674 0.845947  3.41125 0.773865 -1.45605   -0.563711 -0.121297 0.623752  0.75218 0.511888 -0.414966 0.46494 -0.858519 -0.216276 -0.466966 -0.0302557 -0.883758   3068.6 3068.6 3068.6 184.116 184.116 184.116  0 0 0 0 0 0 
 0.810066 0.0289989   -0.321528 0.152551 -0.100793  0.914269 -0.169805 -0.244203 0.275033   1.45691 2.26617 0.845947  3.48541 0.773865 -1.37402   -0.563723 -0.121393 0.623829  0.752005 0.512036 -0.415101 0.465047 -0.858429 -0.216403 -0.467141 -0.030305 -0.883663   3068.6 3068.6 3068.6 184.116 184.116 184.116  0 0 0 0 0 0 
 0.820019 0.0289989   -0.321528 0.152551 -0.100793  0.914269 -0.169805 -0.244203 0.275033   1.53259 2.43561 0.845947  3.70789 0.848755 -1.37402   -0.563735 -0.121494 0.623909  0.751821 0.512192 -0.415241 0.465161 -0.858334 -0.216536 -0.467324 -0.0303578 -0.883565   3068.6 3068.6 3068.6 184.116 184.116 184.116  0 0 0 0 0 0 
 0.830064 0.0289989   -0.321528 0.152551 -0.100793  0.914269 -0.169805 -0.244203 0.275033   1.45691 2.43561 0.845947  3.70789 0.848755 -1.37402   -0.563747 -0.121611 0.623997  0.751615 0.512371 -0.415394 0.465295 -0.858225 -0.216678 -0.467521 -0.0304221 -0.883458   3068.6 3068.6 3068.6 184.116 184.116 184.116  0 0 0 0 0 0 
 0.840063 0.0289989   -0.321528 0.152551 -0.100793  0.914269 -0.169805 -0.244203 0.275033   1.51367 2.60504 0.469971  3.93036 0.923645 -1.45605   -0.563759 -0.121736 0.624086  0.751399 0.512562 -0.415547 0.465443 -0.858109 -0.216822 -0.46772 -0.0304937 -0.883351   3068.6 3068.6 3068.6 184.116 184.116 184.116  0 0 0 0 0 0 
 0.85002 0.0289989   -0.321528 0.152551 -0.100793  0.914269 -0.169805 -0.244203 0.275033   1.15417 2.32971 0.657959  3.55957 1.17328 -1.45605   -0.563772 -0.121869 0.624185  0.751166 0.512764 -0.415719 0.465599 -0.857985 -0.216979 -0.46794 -0.0305713 -0.883231   3068.6 3068.6 3068.6 184.116 184.116 184.116  0 0 0 0 0 0 
 0.860052 0.0289989   -0.321528 0.152551 -0.100793  0.914269 -0.169805 -0.244203 0.275033   1.22986 2.49915 1.22192  3.65845 1.04846 -1.45605   -0.563785 -0.122012 0.624288  0.750918 0.512983 -0.415898 0.465767 -0.857851 -0.217146 -0.468171 -0.0306526 -0.883106   3068.6 3068.6 3068.6 184.116 184.116 184.116  0 0 0 0 0 0 
 0.870136 0.0289736   -0.319511 0.15719 -0.103925  0.91724 -0.173811 -0.239743 0.266428   1.21094 2.49915 0.845947  3.7326 1.04846 -1.53809   -0.563799 -0.12217 0.624397  0.750648 0.513222 -0.416089 0.465953 -0.857705 -0.217324 -0.468417 -0.0307436 -0.882972   3076.09 3076.09 3076.09 184.565 184.565 184.565  0 0 0 0 0 0 
 0.880059 0.0289736   -0.319511 0.15719 -0.103925  0.91724 -0.173811 -0.239743 0.266428   1.3623 2.41443 1.22192  3.7326 0.948608 -1.45605   -0.563812 -0.12234 0.624511  0.750364 0.51348 -0.416284 0.466157 -0.857547 -0.217509 -0.46867 -0.0308425 -0.882835   3076.09 3076.09 3076.09 184.565 184.565 184.565  0 0 0 0 0 0 
 0.890092 0.0289736   -0.319511 0.15719 -0.103925  0.91724 -0.173811 -0.239743 0.266428   1.51367 2.60504 1.40991  3.78204 0.748901 -1.45605   -0.563826 -0.122518 0.624625  0.750071 0.513748 -0.416481 0.466368 -0.857383 -0.217704 -0.468929 -0.0309398 -0.882694   3076.09 3076.09 3076.09 184.565 184.565 184.565  0 0 0 0 0 0 
 0.90002 0.0289736   -0.319511 0.15719 -0.103925  0.91724 -0.173811 -0.239743 0.266428   1.66504 2.79565 0.610962  3.9798 0.624084 -1.45605   -0.563842 -0.122694 0.624736  0.749783 0.514013 -0.416673 0.466575 -0.857221 -0.2179 -0.469184 -0.0310315 -0.882555   3076.09 3076.09 3076.09 184.565 184.565 184.565  0 0 0 0 0 0 
 0.910067 0.0289736   -0.319511 0.15719 -0.103925  0.91724 -0.173811 -0.239743 0.266428   1.58936 2.71094 0.610962  3.9798 0.624084 -1.53809   -0.563858 -0.122877 0.624849  0.749484 0.514289 -0.416871 0.466794 -0.857052 -0.218095 -0.469444 -0.031134 -0.882413   3076.09 3076.09 3076.09 184.565 184.565 184.565  0 0 0 0 0 0 
 0.920035 0.0289736   -0.319511 0.15719 -0.103925  0.91724 -0.173811 -0.239743 0.266428   1.57043 2.68976 1.36292  4.07867 0.723938 -1.45605   -0.563873 -0.123073 0.624969  0.749163 0.514583 -0.417084 0.467032 -0.856871 -0.218296 -0.469719 -0.0312528 -0.882263   3076.09 3076.09 3076.09 184.565 184.565 184.565  0 0 0 0 0 0 
 0.930045 0.0289736   -0.319511 0.15719 -0.103925  0.91724 -0.173811 -0.239743 0.266428   1.28662 2.7533 1.03394  3.95508 1.0235 -1.45605   -0.563891 -0.123279 0.62509  0.74883 0.514891 -0.417302 0.467285 -0.856681 -0.2185 -0.469999 -0.0313798 -0.882109   3076.09 3076.09 3076.09 184.565 184.565 184.565  0 0 0 0 0 0 
 0.94006 0.0289736   -0.319511 0.15719 -0.103925  0.91724 -0.173811 -0.239743 0.266428   1.3623 2.68976 1.03394  3.95508 1.12335 -1.62012   -0.563911 -0.123487 0.625217  0.748489 0.515204 -0.417527 0.467541 -0.856488 -0.218709 -0.470287 -0.0315101 -0.881951   3076.09 3076.09 3076.09 184.565 184.565 184.565  0 0 0 0 0 0 
 0.950075 0.0289736   -0.319511 0.15719 -0.103925  0.91724 -0.173811 -0.239743 0.266428   1.3623 2.60504 1.22192  3.83148 1.14832 -1.62012   -0.563936 -0.1237 0.625344  0.748141 0.515525 -0.417755 0.4678 -0.85629 -0.218929 -0.470583 -0.0316358 -0.881789   3076.09 3076.09 3076.09 184.565 184.565 184.565  0 0 0 0 0 0 
 0.960067 0.0289736   -0.319511 0.15719 -0.103925  0.91724 -0.173811 -0.239743 0.266428   1.3623 2.68976 0.845947  4.02924 1.0235 -1.70215   -0.563963 -0.123922 0.625472  0.747782 0.515859 -0.417985 0.468073 -0.856084 -0.219152 -0.470882 -0.0317699 -0.881624   3076.09 3076.09 3076.09 184.565 184.565 184.565  0 0 0 0 0 0 
 0.970073 0.0289735   -0.318839 0.159012 -0.104213  0.921478 -0.173521 -0.237014 0.254153   1.41907 2.68976 1.17493  3.90564 1.0235 -1.62012   -0.563992 -0.124149 0.62561  0.747408 0.516202 -0.418231 0.468348 -0.855872 -0.219392 -0.471203 -0.0319024 -0.881448   3080.15 3080.15 3080.15 184.809 184.809 184.809  0 0 0 0 0 0 
 0.980065 0.0289735   -0.318839 0.159012 -0.104213  0.921478 -0.173521 -0.237014 0.254153   1.79749 2.96509 1.17493  4.20227 0.823792 -1.62012   -0.564021 -0.124385 0.625741  0.74703 0.516556 -0.418469 0.468639 -0.855654 -0.219622 -0.471512 -0.0320469 -0.881277   3080.15 3080.15 3080.15 184.809 184.809 184.809  0 0 0 0 0 0 
 0.990022 0.0289735   -0.318839 0.159012 -0.104213  0.921478 -0.173521 -0.237014 0.254153   1.57043 2.68976 1.36292  4.00452 0.823792 -1.70215   -0.564049 -0.124619 0.625882  0.746644 0.516906 -0.418724 0.468925 -0.855436 -0.219859 -0.471838 -0.0321937 -0.881097   3080.15 3080.15 3080.15 184.809 184.809 184.809  0 0 0 0 0 0 
 1.00334 0.0289735   -0.318839 0.159012 -0.104213  0.921478 -0.173521 -0.237014 0.254153   1.43799 2.77448 0.845947  3.93036 1.04846 -1.70215   -0.564088 -0.124952 0.626069  0.746107 0.517406 -0.419065 0.469337 -0.855127 -0.220186 -0.472279 -0.0324002 -0.880854   3080.15 3080.15 3080.15 184.809 184.809 184.809  0 0 0 0 0 0 
 1.01005 0.0289735   -0.318839 0.159012 -0.104213  0.921478 -0.173521 -0.237014 0.254153   1.28662 2.66858 1.03394  3.8562 1.24817 -1.70215   -0.564105 -0.125099 0.626155  0.745867 0.517626 -0.41922 0.469516 -0.85499 -0.220333 -0.472479 -0.0324915 -0.880743   3080.15 3080.15 3080.15 184.809 184.809 184.809  0 0 0 0 0 0 
 1.02006 0.0289735   -0.318839 0.159012 -0.104213  0.921478 -0.173521 -0.237014 0.254153   1.3623 2.7533 1.40991  4.05396 1.22321 -1.70215   -0.564135 -0.125347 0.626296  0.745467 0.517998 -0.419473 0.469819 -0.854759 -0.220583 -0.47281 -0.032639 -0.88056   3080.15 3080.15 3080.15 184.809 184.809 184.809  0 0 0 0 0 0 
 1.03008 0.0289735   -0.318839 0.159012 -0.104213  0.921478 -0.173521 -0.237014 0.254153   1.57043 2.85919 1.36292  4.02924 1.0235 -1.62012   -0.564168 -0.125594 0.626441  0.745062 0.518369 -0.419733 0.470117 -0.854528 -0.220841 -0.473151 -0.0327838 -0.880371   3080.15 3080.15 3080.15 184.809 184.809 184.809  0 0 0 0 0 0 
 1.04006 0.0289735   -0.318839 0.159012 -0.104213  0.921478 -0.173521 -0.237014 0.254153   1.43799 2.60504 1.40991  3.83148 1.04846 -1.70215   -0.564204 -0.125847 0.626582  0.744655 0.518749 -0.419985 0.470422 -0.854292 -0.221106 -0.473489 -0.0329225 -0.880184   3080.15 3080.15 3080.15 184.809 184.809 184.809  0 0 0 0 0 0 
 1.05006 0.0289735   -0.318839 0.159012 -0.104213  0.921478 -0.173521 -0.237014 0.254153   1.7218 2.96509 1.5509  4.20227 0.923645 -1.70215   -0.564243 -0.1261 0.626714  0.744256 0.519128 -0.420226 0.470728 -0.854057 -0.221364 -0.473813 -0.0330607 -0.880005   3080.15 3080.15 3080.15 184.809 184.809 184.809  0 0 0 0 0 0 
 1.06006 0.0289735   -0.318839 0.159012 -0.104213  0.921478 -0.173521 -0.237014 0.254153   1.70288 2.96509 0.986938  4.32587 0.998535 -1.78418   -0.564282 -0.12636 0.62684  0.743856 0.519514 -0.420457 0.471045 -0.853816 -0.221616 -0.474125 -0.0332038 -0.879831   3080.15 3080.15 3080.15 184.809 184.809 184.809  0 0 0 0 0 0 
 1.07005 0.0289796   -0.319224 0.158098 -0.10467  0.00447515 0.695334 0.219083 0.684466   1.57043 2.94391 0.986938  4.10339 0.923645 -1.78418   -0.564319 -0.126617 0.626973  0.743449 0.519897 -0.420703 0.471357 -0.853578 -0.221873 -0.474454 -0.0333504 -0.879648   3080.23 3080.23 3080.23 184.814 184.814 184.814  0 0 0 0 0 0 
 1.08007 0.0289796   -0.319224 0.158098 -0.10467  0.00447515 0.695334 0.219083 0.684466   1.57043 2.94391 1.17493  4.12811 1.0235 -1.86621   -0.564355 -0.126877 0.627109  0.743037 0.520285 -0.420952 0.471676 -0.853335 -0.222128 -0.474782 -0.0335036 -0.879465   3080.23 3080.23 3080.23 184.814 184.814 184.814  0 0 0 0 0 0 
 1.09007 0.0289796   -0.319224 0.158098 -0.10467  0.00447515 0.695334 0.219083 0.684466   1.49475 2.94391 1.40991  4.25171 1.09839 -1.78418   -0.564395 -0.127145 0.627243  0.742617 0.520683 -0.421199 0.472002 -0.853086 -0.222392 -0.475115 -0.0336544 -0.87928   3080.23 3080.23 3080.23 184.814 184.814 184.814  0 0 0 0 0 0 
 1.10007 0.0289796   -0.319224 0.158098 -0.10467  0.00447515 0.695334 0.219083 0.684466   1.55151 2.96509 1.5509  4.30115 0.798828 -1.86621   -0.564439 -0.127414 0.627357  0.742216 0.521082 -0.421413 0.472334 -0.852837 -0.222642 -0.475411 -0.0337997 -0.879114   3080.23 3080.23 3080.23 184.814 184.814 184.814  0 0 0 0 0 0 
 1.11014 0.0289796   -0.319224 0.158098 -0.10467  0.00447515 0.695334 0.219083 0.684466   1.6272 2.79565 1.5509  4.17755 0.698975 -1.78418   -0.564486 -0.127682 0.627479  0.741805 0.521481 -0.421643 0.472658 -0.852588 -0.22291 -0.475731 -0.0339372 -0.878936   3080.23 3080.23 3080.23 184.814 184.814 184.814  0 0 0 0 0 0 
 1.1201 0.0289796   -0.319224 0.158098 -0.10467  0.00447515 0.695334 0.219083 0.684466   1.77856 3.0498 0.986938  4.44946 0.574158 -1.78418   -0.564532 -0.127954 0.627597  0.741392 0.521883 -0.421873 0.472989 -0.852336 -0.223171 -0.476046 -0.0340841 -0.87876   3080.23 3080.23 3080.23 184.814 184.814 184.814  0 0 0 0 0 0 
 1.13006 0.0289796   -0.319224 0.158098 -0.10467  0.00447515 0.695334 0.219083 0.684466   1.75964 3.24042 1.31592  4.67194 0.574158 -1.70215   -0.564578 -0.128234 0.627705  0.740969 0.522293 -0.422108 0.47333 -0.852078 -0.22343 -0.476365 -0.0342421 -0.878581   3080.23 3080.23 3080.23 184.814 184.814 184.814  0 0 0 0 0 0 
 1.14002 0.0289796   -0.319224 0.158098 -0.10467  0.00447515 0.695334 0.219083 0.684466   1.70288 3.0498 1.5509  4.37531 0.698975 -1.70215   -0.564627 -0.128522 0.627807  0.740522 0.52271 -0.422376 0.473675 -0.851816 -0.223701 -0.476717 -0.0344133 -0.878383   3080.23 3080.23 3080.23 184.814 184.814 184.814  0 0 0 0 0 0 
 1.15006 0.0289796   -0.319224 0.158098 -0.10467  0.00447515 0.695334 0.219083 0.684466   1.70288 3.21924 1.73889  4.59778 0.773865 -1.70215   -0.564676 -0.128805 0.627906  0.740085 0.52312 -0.422634 0.474013 -0.851557 -0.223969 -0.477059 -0.0345779 -0.878191   3080.23 3080.23 3080.23 184.814 184.814 184.814  0 0 0 0 0 0 
 1.16008 0.0289796   -0.319224 0.158098 -0.10467  0.00447515 0.695334 0.219083 0.684466   1.68396 3.13452 1.73889  4.59778 0.773865 -1.70215   -0.564727 -0.129096 0.628011  0.739637 0.523544 -0.422893 0.474365 -0.85129 -0.22424 -0.477404 -0.0347494 -0.877997   3080.23 3080.23 3080.23 184.814 184.814 184.814  0 0 0 0 0 0 
 1.17006 0.0288276   -0.317057 0.159935 -0.103963  0.00660872 0.695353 0.216968 0.685103   1.68396 3.13452 1.50391  4.67194 0.674011 -1.70215   -0.564786 -0.129397 0.628094  0.739206 0.52398 -0.423107 0.47473 -0.851015 -0.224511 -0.47771 -0.0349017 -0.877824   3050.46 3050.46 3050.46 183.028 183.028 183.028  0 0 0 0 0 0 
