 TimeStamp manip.manip_measure_out_port tt.outport_grip.position.x tt.outport_grip.position.y tt.outport_grip.position.z tt.outport_grip.orientation.x tt.outport_grip.orientation.y tt.outport_grip.orientation.z tt.outport_grip.orientation.w jr3.ForceTorqueOutputPort.forces.0 jr3.ForceTorqueOutputPort.forces.1 jr3.ForceTorqueOutputPort.forces.2 jr3.ForceTorqueOutputPort.torques.0 jr3.ForceTorqueOutputPort.torques.1 jr3.ForceTorqueOutputPort.torques.2 test.cart_pose_loop_out_port.p.X test.cart_pose_loop_out_port.p.Y test.cart_pose_loop_out_port.p.Z test.cart_pose_loop_out_port.M.X_x test.cart_pose_loop_out_port.M.X_y test.cart_pose_loop_out_port.M.X_z test.cart_pose_loop_out_port.M.Y_x test.cart_pose_loop_out_port.M.Y_y test.cart_pose_loop_out_port.M.Y_z test.cart_pose_loop_out_port.M.Z_x test.cart_pose_loop_out_port.M.Z_y test.cart_pose_loop_out_port.M.Z_z stiff.cart_stiffdamp_out_port.stiffness.0 stiff.cart_stiffdamp_out_port.stiffness.1 stiff.cart_stiffdamp_out_port.stiffness.2 stiff.cart_stiffdamp_out_port.stiffness.3 stiff.cart_stiffdamp_out_port.stiffness.4 stiff.cart_stiffdamp_out_port.stiffness.5 stiff.cart_stiffdamp_out_port.damping.0 stiff.cart_stiffdamp_out_port.damping.1 stiff.cart_stiffdamp_out_port.damping.2 stiff.cart_stiffdamp_out_port.damping.3 stiff.cart_stiffdamp_out_port.damping.4 stiff.cart_stiffdamp_out_port.damping.5
 8.8e-07 0.0058749   -0.247335 0.105642 -0.292881  0.183466 0.543857 -0.797864 -0.184317   -1.45691 -1.60962 -1.83289  -0.370789 2.62115 -0.697266   -0.507112 -0.0632652 0.654464  0.816882 0.280468 -0.504026 0.17343 -0.952817 -0.249121 -0.550115 0.11609 -0.82698   2308.96 2308.96 2308.96 138.537 138.537 138.537  0 0 0 0 0 0 
 0.010658 0.0058749   -0.247335 0.105642 -0.292881  0.183466 0.543857 -0.797864 -0.184317   -1.38123 -1.5249 -1.45691  -0.370789 2.62115 -0.697266   -0.507112 -0.0632652 0.654464  0.816881 0.280469 -0.504027 0.17343 -0.952817 -0.249122 -0.550116 0.11609 -0.82698   2308.96 2308.96 2308.96 138.537 138.537 138.537  0 0 0 0 0 0 
 0.0206651 0.0058749   -0.247335 0.105642 -0.292881  0.183466 0.543857 -0.797864 -0.184317   -1.38123 -1.60962 -1.45691  -0.395508 2.5213 -0.697266   -0.507112 -0.0632652 0.654464  0.816879 0.280469 -0.50403 0.173429 -0.952817 -0.249123 -0.550119 0.11609 -0.826978   2308.96 2308.96 2308.96 138.537 138.537 138.537  0 0 0 0 0 0 
 0.0306645 0.0058749   -0.247335 0.105642 -0.292881  0.183466 0.543857 -0.797864 -0.184317   -1.38123 -1.60962 -1.45691  -0.32135 2.39648 -0.615234   -0.507112 -0.0632643 0.654465  0.816878 0.280468 -0.504032 0.173427 -0.952817 -0.249122 -0.550121 0.11609 -0.826976   2308.96 2308.96 2308.96 138.537 138.537 138.537  0 0 0 0 0 0 
 0.0406596 0.0058749   -0.247335 0.105642 -0.292881  0.183466 0.543857 -0.797864 -0.184317   -1.22986 -1.5249 -1.45691  -0.271912 2.59619 -0.615234   -0.507112 -0.0632643 0.654465  0.816878 0.280468 -0.504032 0.173427 -0.952817 -0.249122 -0.550121 0.11609 -0.826976   2308.96 2308.96 2308.96 138.537 138.537 138.537  0 0 0 0 0 0 
 0.0506762 0.00765735   -0.247263 0.088148 -0.288533  0.187962 0.511529 -0.816034 -0.192606   -1.38123 -1.5249 -1.26892  -0.296631 2.39648 -0.615234   -0.507112 -0.0632643 0.654465  0.816878 0.280468 -0.504032 0.173427 -0.952817 -0.249122 -0.550121 0.11609 -0.826976   2170.45 2170.45 2170.45 130.227 130.227 130.227  0 0 0 0 0 0 
 0.06067 0.00765735   -0.247263 0.088148 -0.288533  0.187962 0.511529 -0.816034 -0.192606   -1.40015 -1.5249 -1.08093  -0.0741577 2.59619 -0.615234   -0.507112 -0.0632643 0.654465  0.816878 0.280468 -0.504032 0.173427 -0.952817 -0.249122 -0.550121 0.11609 -0.826976   2170.45 2170.45 2170.45 130.227 130.227 130.227  0 0 0 0 0 0 
 0.0707039 0.00765735   -0.247263 0.088148 -0.288533  0.187962 0.511529 -0.816034 -0.192606   -1.40015 -1.41901 -1.26892  -0.0247192 2.37152 -0.697266   -0.507112 -0.0632643 0.654465  0.816878 0.280468 -0.504032 0.173427 -0.952817 -0.249122 -0.550121 0.11609 -0.826976   2170.45 2170.45 2170.45 130.227 130.227 130.227  0 0 0 0 0 0 
 0.0806819 0.00765735   -0.247263 0.088148 -0.288533  0.187962 0.511529 -0.816034 -0.192606   -1.32446 -1.50372 -1.45691  -0.123596 2.39648 -0.779297   -0.507112 -0.0632649 0.654465  0.816877 0.280469 -0.504033 0.173428 -0.952817 -0.249123 -0.550123 0.116089 -0.826975   2170.45 2170.45 2170.45 130.227 130.227 130.227  0 0 0 0 0 0 
 0.0906474 0.00765735   -0.247263 0.088148 -0.288533  0.187962 0.511529 -0.816034 -0.192606   -1.1731 -1.41901 -1.08093  0.0741577 2.27167 -0.779297   -0.507112 -0.0632668 0.654465  0.816876 0.280472 -0.504033 0.173432 -0.952817 -0.249123 -0.550123 0.116087 -0.826975   2170.45 2170.45 2170.45 130.227 130.227 130.227  0 0 0 0 0 0 
 0.100663 0.00765735   -0.247263 0.088148 -0.288533  0.187962 0.511529 -0.816034 -0.192606   -1.11633 -1.31311 -1.12793  0.148315 2.17181 -0.697266   -0.507111 -0.0632681 0.654465  0.816875 0.280474 -0.504033 0.173434 -0.952816 -0.249123 -0.550124 0.116085 -0.826975   2170.45 2170.45 2170.45 130.227 130.227 130.227  0 0 0 0 0 0 
 0.110661 0.00765735   -0.247263 0.088148 -0.288533  0.187962 0.511529 -0.816034 -0.192606   -0.946045 -1.39783 -1.31592  0.123596 2.17181 -0.779297   -0.507112 -0.0632681 0.654465  0.816874 0.280474 -0.504035 0.173434 -0.952816 -0.249123 -0.550125 0.116085 -0.826975   2170.45 2170.45 2170.45 130.227 130.227 130.227  0 0 0 0 0 0 
 0.120721 0.00765735   -0.247263 0.088148 -0.288533  0.187962 0.511529 -0.816034 -0.192606   -0.794678 -1.39783 -1.12793  0.0247192 1.97211 -0.779297   -0.507111 -0.0632671 0.654465  0.816874 0.280473 -0.504036 0.173433 -0.952816 -0.249122 -0.550125 0.116085 -0.826974   2170.45 2170.45 2170.45 130.227 130.227 130.227  0 0 0 0 0 0 
 0.130661 0.00765735   -0.247263 0.088148 -0.288533  0.187962 0.511529 -0.816034 -0.192606   -0.643311 -1.46136 -1.31592  0 1.87225 -0.861328   -0.507111 -0.0632672 0.654466  0.816873 0.280473 -0.504036 0.173433 -0.952816 -0.249122 -0.550126 0.116085 -0.826973   2170.45 2170.45 2170.45 130.227 130.227 130.227  0 0 0 0 0 0 
 0.140646 0.00765735   -0.247263 0.088148 -0.288533  0.187962 0.511529 -0.816034 -0.192606   -0.586548 -1.37665 -1.36292  0.173035 1.7724 -0.861328   -0.507112 -0.0632674 0.654466  0.816872 0.280474 -0.504039 0.173432 -0.952816 -0.249123 -0.550129 0.116085 -0.826972   2170.45 2170.45 2170.45 130.227 130.227 130.227  0 0 0 0 0 0 
 0.15063 0.00608505   -0.23522 0.0747865 -0.292442  0.205405 0.49791 -0.822154 -0.184278   -0.529785 -1.20721 -1.17493  0.469666 1.72247 -0.84082   -0.507112 -0.0632675 0.654467  0.81687 0.280474 -0.504041 0.173432 -0.952816 -0.249124 -0.550131 0.116085 -0.82697   1955.35 1955.35 1955.35 117.321 117.321 117.321  0 0 0 0 0 0 
 0.160678 0.00608505   -0.23522 0.0747865 -0.292442  0.205405 0.49791 -0.822154 -0.184278   -0.378418 -1.0166 -1.36292  0.766296 1.59766 -0.84082   -0.507112 -0.0632677 0.654468  0.816868 0.280475 -0.504044 0.173432 -0.952816 -0.249125 -0.550134 0.116085 -0.826969   1955.35 1955.35 1955.35 117.321 117.321 117.321  0 0 0 0 0 0 
 0.170662 0.00608505   -0.23522 0.0747865 -0.292442  0.205405 0.49791 -0.822154 -0.184278   -0.397339 -0.931885 -1.40991  0.865173 1.59766 -0.84082   -0.507112 -0.0632681 0.654469  0.816865 0.280476 -0.504048 0.173432 -0.952816 -0.249126 -0.550138 0.116085 -0.826966   1955.35 1955.35 1955.35 117.321 117.321 117.321  0 0 0 0 0 0 
 0.180696 0.00608505   -0.23522 0.0747865 -0.292442  0.205405 0.49791 -0.822154 -0.184278   -0.245972 -0.931885 -1.22192  1.06293 1.57269 -0.84082   -0.507113 -0.0632691 0.654473  0.81686 0.280478 -0.504056 0.173431 -0.952815 -0.249129 -0.550147 0.116084 -0.82696   1955.35 1955.35 1955.35 117.321 117.321 117.321  0 0 0 0 0 0 
 0.190671 0.00608505   -0.23522 0.0747865 -0.292442  0.205405 0.49791 -0.822154 -0.184278   -0.170288 -0.825989 -1.40991  1.06293 1.57269 -0.84082   -0.507113 -0.0632706 0.654479  0.816851 0.280482 -0.504068 0.173431 -0.952814 -0.249132 -0.55016 0.116083 -0.826951   1955.35 1955.35 1955.35 117.321 117.321 117.321  0 0 0 0 0 0 
 0.200667 0.00608505   -0.23522 0.0747865 -0.292442  0.205405 0.49791 -0.822154 -0.184278   -0.0946045 -0.910706 -1.5979  1.1618 1.57269 -1.00488   -0.507115 -0.0632736 0.654492  0.816832 0.280489 -0.504094 0.173431 -0.952812 -0.249139 -0.550188 0.11608 -0.826934   1955.35 1955.35 1955.35 117.321 117.321 117.321  0 0 0 0 0 0 
 0.210658 0.00608505   -0.23522 0.0747865 -0.292442  0.205405 0.49791 -0.822154 -0.184278   -0.113525 -0.910706 -1.45691  1.35956 1.64758 -0.922852   -0.507116 -0.0632783 0.654512  0.816806 0.280501 -0.50413 0.173431 -0.95281 -0.24915 -0.550226 0.116075 -0.826908   1955.35 1955.35 1955.35 117.321 117.321 117.321  0 0 0 0 0 0 
 0.220655 0.00608505   -0.23522 0.0747865 -0.292442  0.205405 0.49791 -0.822154 -0.184278   -0.0378418 -0.910706 -1.6449  1.48315 1.74744 -0.84082   -0.507119 -0.0632862 0.654542  0.816766 0.280519 -0.504184 0.173432 -0.952805 -0.249167 -0.550285 0.11607 -0.82687   1955.35 1955.35 1955.35 117.321 117.321 117.321  0 0 0 0 0 0 
 0.230621 0.00608505   -0.23522 0.0747865 -0.292442  0.205405 0.49791 -0.822154 -0.184278   -0.20813 -0.825989 -1.6449  1.70563 1.92218 -0.758789   -0.507124 -0.063297 0.654584  0.816709 0.280542 -0.504264 0.173433 -0.952799 -0.249188 -0.55037 0.116059 -0.826815   1955.35 1955.35 1955.35 117.321 117.321 117.321  0 0 0 0 0 0 
 0.24067 0.00608505   -0.23522 0.0747865 -0.292442  0.205405 0.49791 -0.822154 -0.184278   0.0756836 -0.487122 -1.12793  2.02698 1.89722 -0.594727   -0.507129 -0.0633108 0.654638  0.816637 0.280576 -0.504362 0.173433 -0.95279 -0.249223 -0.550477 0.116051 -0.826745   1955.35 1955.35 1955.35 117.321 117.321 117.321  0 0 0 0 0 0 
 0.250664 0.00640894   -0.22797 0.0771745 -0.291398  0.21571 0.495079 -0.819352 -0.192427   0.151367 -0.487122 -2.06787  2.00226 1.89722 -0.758789   -0.507137 -0.0633294 0.654707  0.816544 0.280618 -0.50449 0.173435 -0.95278 -0.249261 -0.550615 0.116036 -0.826655   1866.59 1866.59 1866.59 111.996 111.996 111.996  0 0 0 0 0 0 
 0.260665 0.00640894   -0.22797 0.0771745 -0.291398  0.21571 0.495079 -0.819352 -0.192427   0.151367 -0.487122 -1.69189  2.12585 1.99707 -0.594727   -0.507145 -0.0633518 0.654794  0.816427 0.28067 -0.504649 0.173437 -0.952767 -0.24931 -0.550787 0.116019 -0.826543   1866.59 1866.59 1866.59 111.996 111.996 111.996  0 0 0 0 0 0 
 0.270661 0.00640894   -0.22797 0.0771745 -0.291398  0.21571 0.495079 -0.819352 -0.192427   0.151367 -0.571838 -2.06787  2.24945 2.07196 -0.594727   -0.507156 -0.0633792 0.654901  0.816285 0.280734 -0.504845 0.173439 -0.95275 -0.249371 -0.550998 0.115998 -0.826405   1866.59 1866.59 1866.59 111.996 111.996 111.996  0 0 0 0 0 0 
 0.280641 0.00640894   -0.22797 0.0771745 -0.291398  0.21571 0.495079 -0.819352 -0.192427   0.302734 -0.656555 -1.69189  2.34833 2.07196 -0.594727   -0.507169 -0.0634125 0.655031  0.816111 0.280811 -0.505082 0.173441 -0.952731 -0.249445 -0.551254 0.115973 -0.826238   1866.59 1866.59 1866.59 111.996 111.996 111.996  0 0 0 0 0 0 
 0.290667 0.00640894   -0.22797 0.0771745 -0.291398  0.21571 0.495079 -0.819352 -0.192427   0.454102 -0.720093 -2.06787  2.22473 1.97211 -0.676758   -0.507184 -0.063452 0.655185  0.815905 0.280903 -0.505364 0.173444 -0.952707 -0.249533 -0.551558 0.115943 -0.826039   1866.59 1866.59 1866.59 111.996 111.996 111.996  0 0 0 0 0 0 
 0.300677 0.00640894   -0.22797 0.0771745 -0.291398  0.21571 0.495079 -0.819352 -0.192427   0.737915 -0.444763 -2.49084  2.66968 1.62262 -0.676758   -0.507202 -0.0634977 0.655358  0.815671 0.281009 -0.505682 0.173447 -0.95268 -0.249634 -0.551902 0.11591 -0.825814   1866.59 1866.59 1866.59 111.996 111.996 111.996  0 0 0 0 0 0 
 0.310663 0.00640894   -0.22797 0.0771745 -0.291398  0.21571 0.495079 -0.819352 -0.192427   0.870361 -0.360046 -2.53784  2.96631 1.4978 -0.676758   -0.507222 -0.0635488 0.655555  0.815404 0.281128 -0.506047 0.17345 -0.952649 -0.249749 -0.552297 0.115873 -0.825555   1866.59 1866.59 1866.59 111.996 111.996 111.996  0 0 0 0 0 0 
 0.320692 0.00640894   -0.22797 0.0771745 -0.291398  0.21571 0.495079 -0.819352 -0.192427   1.09741 -0.338867 -2.16187  3.13934 1.39795 -0.574219   -0.507243 -0.063604 0.65577  0.815113 0.281257 -0.506443 0.173453 -0.952616 -0.249873 -0.552724 0.115831 -0.825275   1866.59 1866.59 1866.59 111.996 111.996 111.996  0 0 0 0 0 0 
 0.330685 0.00640894   -0.22797 0.0771745 -0.291398  0.21571 0.495079 -0.819352 -0.192427   1.1731 -0.423584 -1.97388  3.11462 1.2981 -0.65625   -0.507267 -0.0636655 0.65601  0.814789 0.281401 -0.506885 0.173455 -0.952579 -0.250012 -0.553202 0.115785 -0.824962   1866.59 1866.59 1866.59 111.996 111.996 111.996  0 0 0 0 0 0 
 0.34066 0.00640894   -0.22797 0.0771745 -0.291398  0.21571 0.495079 -0.819352 -0.192427   1.2677 -0.593018 -1.78589  3.13934 1.39795 -0.65625   -0.507294 -0.0637373 0.656283  0.814421 0.281566 -0.507384 0.17346 -0.952537 -0.250171 -0.553741 0.115734 -0.824607   1866.59 1866.59 1866.59 111.996 111.996 111.996  0 0 0 0 0 0 
 0.350643 0.00640992   -0.224722 0.0770369 -0.291206  0.212687 0.495103 -0.820541 -0.190658   1.47583 -0.656555 -2.02087  3.31238 1.27313 -0.738281   -0.507325 -0.0638161 0.656587  0.814011 0.281749 -0.50794 0.173464 -0.952489 -0.250348 -0.554342 0.115677 -0.824211   1823.02 1823.02 1823.02 109.381 109.381 109.381  0 0 0 0 0 0 
 0.360669 0.00640992   -0.224722 0.0770369 -0.291206  0.212687 0.495103 -0.820541 -0.190658   1.70288 -0.720093 -1.45691  3.38654 1.17328 -0.65625   -0.507358 -0.0639012 0.656917  0.813564 0.281947 -0.508546 0.173466 -0.952438 -0.250542 -0.554999 0.115616 -0.823778   1823.02 1823.02 1823.02 109.381 109.381 109.381  0 0 0 0 0 0 
 0.370666 0.00640992   -0.224722 0.0770369 -0.291206  0.212687 0.495103 -0.820541 -0.190658   2.15698 -0.868347 -1.69189  3.75732 0.823792 -0.65625   -0.507393 -0.0639906 0.657267  0.81309 0.282156 -0.509188 0.173466 -0.952384 -0.250747 -0.555692 0.115553 -0.823319   1823.02 1823.02 1823.02 109.381 109.381 109.381  0 0 0 0 0 0 
 0.38066 0.00640992   -0.224722 0.0770369 -0.291206  0.212687 0.495103 -0.820541 -0.190658   2.36511 -0.868347 -1.73889  4.05396 0.798828 -0.65625   -0.507428 -0.0640822 0.657626  0.812598 0.282371 -0.509855 0.173465 -0.952329 -0.250959 -0.556412 0.115487 -0.822841   1823.02 1823.02 1823.02 109.381 109.381 109.381  0 0 0 0 0 0 
 0.390664 0.00640992   -0.224722 0.0770369 -0.291206  0.212687 0.495103 -0.820541 -0.190658   2.06238 -1.03778 -1.92688  4.20227 1.17328 -0.65625   -0.507464 -0.0641823 0.658032  0.812046 0.282607 -0.510602 0.173466 -0.952269 -0.251184 -0.557217 0.115401 -0.822309   1823.02 1823.02 1823.02 109.381 109.381 109.381  0 0 0 0 0 0 
 0.400692 0.00640992   -0.224722 0.0770369 -0.291206  0.212687 0.495103 -0.820541 -0.190658   2.27051 -0.868347 -1.40991  4.57306 0.948608 -0.635742   -0.507501 -0.0642868 0.658457  0.811473 0.282852 -0.511377 0.173466 -0.952207 -0.251421 -0.558051 0.115315 -0.821755   1823.02 1823.02 1823.02 109.381 109.381 109.381  0 0 0 0 0 0 
 0.41066 0.00640992   -0.224722 0.0770369 -0.291206  0.212687 0.495103 -0.820541 -0.190658   2.47864 -0.677734 -1.78589  4.77081 1.0235 -0.553711   -0.50754 -0.064398 0.658905  0.810869 0.283112 -0.512191 0.173466 -0.95214 -0.251672 -0.558929 0.115225 -0.821171   1823.02 1823.02 1823.02 109.381 109.381 109.381  0 0 0 0 0 0 
 0.420685 0.00640992   -0.224722 0.0770369 -0.291206  0.212687 0.495103 -0.820541 -0.190658   2.64893 -1.0166 -1.40991  4.84497 0.823792 -0.635742   -0.507581 -0.0645067 0.65935  0.810262 0.283369 -0.513008 0.173458 -0.952074 -0.251928 -0.55981 0.115143 -0.820582   1823.02 1823.02 1823.02 109.381 109.381 109.381  0 0 0 0 0 0 
 0.430686 0.00640992   -0.224722 0.0770369 -0.291206  0.212687 0.495103 -0.820541 -0.190658   2.72461 -1.27075 -1.40991  4.67194 1.04846 -0.717773   -0.507622 -0.0646185 0.65982  0.809622 0.283635 -0.513871 0.173447 -0.952006 -0.252193 -0.560739 0.115052 -0.819961   1823.02 1823.02 1823.02 109.381 109.381 109.381  0 0 0 0 0 0 
 0.44063 0.00640992   -0.224722 0.0770369 -0.291206  0.212687 0.495103 -0.820541 -0.190658   3.00842 -1.16486 -1.83289  5.11688 0.698975 -0.799805   -0.507662 -0.0647358 0.660308  0.808962 0.283911 -0.514757 0.173441 -0.951935 -0.252463 -0.561692 0.114953 -0.819321   1823.02 1823.02 1823.02 109.381 109.381 109.381  0 0 0 0 0 0 
 0.450677 0.00645192   -0.221995 0.0763083 -0.290952  0.215032 0.490427 -0.820939 -0.198247   3.15979 -1.14368 -1.26892  5.21576 0.698975 -0.799805   -0.507703 -0.0648581 0.660817  0.80827 0.284199 -0.515684 0.173435 -0.951862 -0.252744 -0.56269 0.114848 -0.818651   1782.69 1782.69 1782.69 106.961 106.961 106.961  0 0 0 0 0 0 
 0.460668 0.00645192   -0.221995 0.0763083 -0.290952  0.215032 0.490427 -0.820939 -0.198247   3.17871 -1.39783 -1.08093  5.11688 0.698975 -0.717773   -0.507744 -0.0649756 0.661339  0.807559 0.284483 -0.516641 0.173414 -0.951789 -0.253032 -0.563716 0.114745 -0.817959   1782.69 1782.69 1782.69 106.961 106.961 106.961  0 0 0 0 0 0 
 0.470663 0.00645192   -0.221995 0.0763083 -0.290952  0.215032 0.490427 -0.820939 -0.198247   3.23547 -1.31311 -1.08093  5.1416 0.798828 -0.799805   -0.507786 -0.0650933 0.661884  0.806825 0.28477 -0.517628 0.173384 -0.951716 -0.253328 -0.564775 0.114643 -0.817243   1782.69 1782.69 1782.69 106.961 106.961 106.961  0 0 0 0 0 0 
 0.480641 0.00645192   -0.221995 0.0763083 -0.290952  0.215032 0.490427 -0.820939 -0.198247   3.68958 -1.22839 -1.31592  5.21576 0.599121 -0.717773   -0.50783 -0.0652066 0.66245  0.806069 0.285053 -0.51865 0.173332 -0.951642 -0.253641 -0.56587 0.114554 -0.816498   1782.69 1782.69 1782.69 106.961 106.961 106.961  0 0 0 0 0 0 
 0.490664 0.00645192   -0.221995 0.0763083 -0.290952  0.215032 0.490427 -0.820939 -0.198247   3.63281 -1.39783 -1.31592  5.06744 0.898682 -0.635742   -0.507874 -0.0653113 0.663026  0.805298 0.285324 -0.519697 0.173256 -0.95157 -0.253962 -0.56699 0.114475 -0.815732   1782.69 1782.69 1782.69 106.961 106.961 106.961  0 0 0 0 0 0 
 0.50069 0.00645192   -0.221995 0.0763083 -0.290952  0.215032 0.490427 -0.820939 -0.198247   3.12195 -1.5249 -1.5979  4.72137 1.44788 -0.553711   -0.507918 -0.0654153 0.663643  0.804484 0.2856 -0.520806 0.173163 -0.951497 -0.2543 -0.568173 0.114396 -0.814919   1782.69 1782.69 1782.69 106.961 106.961 106.961  0 0 0 0 0 0 
 0.510718 0.00645192   -0.221995 0.0763083 -0.290952  0.215032 0.490427 -0.820939 -0.198247   3.78418 -1.16486 -1.69189  4.99329 1.0235 -0.47168   -0.507962 -0.06551 0.664267  0.803665 0.285862 -0.521924 0.173047 -0.951426 -0.254644 -0.569366 0.114331 -0.814095   1782.69 1782.69 1782.69 106.961 106.961 106.961  0 0 0 0 0 0 
 0.520657 0.00645192   -0.221995 0.0763083 -0.290952  0.215032 0.490427 -0.820939 -0.198247   3.42468 -1.5249 -1.45691  4.42474 1.47284 -0.389648   -0.508007 -0.0656078 0.664936  0.802786 0.286137 -0.523126 0.172917 -0.951352 -0.255008 -0.570644 0.11426 -0.81321   1782.69 1782.69 1782.69 106.961 106.961 106.961  0 0 0 0 0 0 
 0.530658 0.00645192   -0.221995 0.0763083 -0.290952  0.215032 0.490427 -0.820939 -0.198247   3.50037 -1.44019 -2.02087  4.47418 1.57269 -0.307617   -0.50805 -0.0656998 0.665625  0.801887 0.286405 -0.524357 0.172773 -0.95128 -0.255373 -0.57195 0.114185 -0.812302   1782.69 1782.69 1782.69 106.961 106.961 106.961  0 0 0 0 0 0 
 0.540677 0.00645192   -0.221995 0.0763083 -0.290952  0.215032 0.490427 -0.820939 -0.198247   3.50037 -1.5249 -1.83289  4.54834 1.47284 -0.307617   -0.50809 -0.0657842 0.666313  0.800989 0.28666 -0.525588 0.172616 -0.951212 -0.255734 -0.573254 0.114115 -0.811392   1782.69 1782.69 1782.69 106.961 106.961 106.961  0 0 0 0 0 0 
 0.55067 0.00845838   -0.22303 0.0770373 -0.286707  0.215319 0.48376 -0.821298 -0.212328   3.21655 -1.80023 -1.97388  4.17755 1.69751 -0.307617   -0.508129 -0.0658761 0.667023  0.800057 0.286931 -0.526857 0.172469 -0.951141 -0.256098 -0.574598 0.114026 -0.810454   1759.55 1759.55 1759.55 105.573 105.573 105.573  0 0 0 0 0 0 
 0.560641 0.00845838   -0.22303 0.0770373 -0.286707  0.215319 0.48376 -0.821298 -0.212328   3.85986 -1.24957 -1.50391  4.79553 1.14832 -0.307617   -0.508164 -0.0659566 0.667719  0.79915 0.287181 -0.528097 0.172308 -0.951075 -0.256451 -0.575907 0.113947 -0.809535   1759.55 1759.55 1759.55 105.573 105.573 105.573  0 0 0 0 0 0 
 0.57066 0.00845838   -0.22303 0.0770373 -0.286707  0.215319 0.48376 -0.821298 -0.212328   3.4436 -1.77905 -1.40991  4.35059 1.47284 -0.225586   -0.508197 -0.0660342 0.668426  0.798225 0.287428 -0.529359 0.172138 -0.95101 -0.256805 -0.577239 0.113865 -0.808598   1759.55 1759.55 1759.55 105.573 105.573 105.573  0 0 0 0 0 0 
 0.580697 0.00845838   -0.22303 0.0770373 -0.286707  0.215319 0.48376 -0.821298 -0.212328   3.8031 -1.58844 -2.02087  4.52362 1.27313 -0.307617   -0.508228 -0.066106 0.669125  0.797315 0.287664 -0.530601 0.171959 -0.950947 -0.257157 -0.578548 0.113794 -0.807671   1759.55 1759.55 1759.55 105.573 105.573 105.573  0 0 0 0 0 0 
 0.590662 0.00845838   -0.22303 0.0770373 -0.286707  0.215319 0.48376 -0.821298 -0.212328   3.4436 -1.77905 -1.97388  4.25171 1.4978 -0.307617   -0.508256 -0.0661637 0.669834  0.796397 0.287879 -0.531862 0.171753 -0.95089 -0.257506 -0.579873 0.113728 -0.80673   1759.55 1759.55 1759.55 105.573 105.573 105.573  0 0 0 0 0 0 
 0.600661 0.00845838   -0.22303 0.0770373 -0.286707  0.215319 0.48376 -0.821298 -0.212328   3.38684 -1.96967 -1.78589  3.9798 1.72247 -0.225586   -0.508281 -0.0662276 0.670552  0.795463 0.288105 -0.533136 0.171561 -0.950831 -0.257849 -0.58121 0.113644 -0.805779   1759.55 1759.55 1759.55 105.573 105.573 105.573  0 0 0 0 0 0 
 0.610686 0.00845838   -0.22303 0.0770373 -0.286707  0.215319 0.48376 -0.821298 -0.212328   3.76526 -1.94849 -2.34985  3.83148 1.52277 -0.225586   -0.508303 -0.0662857 0.67127  0.79453 0.288321 -0.534409 0.17136 -0.950776 -0.258188 -0.582544 0.113562 -0.804826   1759.55 1759.55 1759.55 105.573 105.573 105.573  0 0 0 0 0 0 
 0.62067 0.00845838   -0.22303 0.0770373 -0.286707  0.215319 0.48376 -0.821298 -0.212328   3.63281 -2.22382 -1.78589  3.48541 1.67255 -0.307617   -0.508322 -0.0663415 0.672005  0.793575 0.288537 -0.53571 0.17115 -0.950721 -0.25853 -0.583906 0.113476 -0.803851   1759.55 1759.55 1759.55 105.573 105.573 105.573  0 0 0 0 0 0 
 0.6307 0.00845838   -0.22303 0.0770373 -0.286707  0.215319 0.48376 -0.821298 -0.212328   3.78418 -1.88495 -2.34985  3.48541 1.64758 -0.307617   -0.508339 -0.0663903 0.67275  0.792609 0.288742 -0.537028 0.170924 -0.950668 -0.258873 -0.585283 0.113394 -0.802861   1759.55 1759.55 1759.55 105.573 105.573 105.573  0 0 0 0 0 0 
 0.640666 0.00845838   -0.22303 0.0770373 -0.286707  0.215319 0.48376 -0.821298 -0.212328   3.7085 -2.1391 -1.5979  3.3371 1.47284 -0.307617   -0.508354 -0.0664261 0.673499  0.791644 0.288929 -0.538349 0.170669 -0.950619 -0.259223 -0.586662 0.113332 -0.801863   1759.55 1759.55 1759.55 105.573 105.573 105.573  0 0 0 0 0 0 
 0.650669 0.0202011   -0.166256 -0.0688916 0.322699  0.150367 -0.804107 -0.501858 0.280963   3.8031 -2.1391 -1.92688  3.0899 1.69751 -0.307617   -0.508367 -0.0664526 0.674268  0.790658 0.289104 -0.539702 0.170388 -0.950572 -0.259578 -0.588071 0.113279 -0.800838   1568.74 1568.74 1568.74 94.1242 94.1242 94.1242  0 0 0 0 0 0 
 0.660688 0.0202011   -0.166256 -0.0688916 0.322699  0.150367 -0.804107 -0.501858 0.280963   4.10583 -2.20264 -1.5979  3.11462 1.19824 -0.389648   -0.508377 -0.0664647 0.675026  0.789693 0.289258 -0.541031 0.170084 -0.950528 -0.259938 -0.589455 0.113251 -0.799823   1568.74 1568.74 1568.74 94.1242 94.1242 94.1242  0 0 0 0 0 0 
 0.670667 0.0202011   -0.166256 -0.0688916 0.322699  0.150367 -0.804107 -0.501858 0.280963   3.68958 -2.7533 -1.69189  2.62024 1.94714 -0.328125   -0.508389 -0.0664716 0.67579  0.788722 0.289413 -0.542362 0.169759 -0.950481 -0.260322 -0.590846 0.113251 -0.798796   1568.74 1568.74 1568.74 94.1242 94.1242 94.1242  0 0 0 0 0 0 
 0.680637 0.0202011   -0.166256 -0.0688916 0.322699  0.150367 -0.804107 -0.501858 0.280963   3.91663 -2.56268 -1.87988  2.47192 1.57269 -0.410156   -0.508398 -0.0664519 0.676539  0.787786 0.289539 -0.543655 0.169389 -0.950436 -0.260728 -0.5922 0.113308 -0.797785   1568.74 1568.74 1568.74 94.1242 94.1242 94.1242  0 0 0 0 0 0 
 0.690666 0.0202011   -0.166256 -0.0688916 0.322699  0.150367 -0.804107 -0.501858 0.280963   3.78418 -3.09216 -1.12793  2.0517 1.59766 -0.492188   -0.508406 -0.066411 0.677264  0.78689 0.289627 -0.544904 0.168989 -0.950399 -0.261121 -0.593504 0.113391 -0.796804   1568.74 1568.74 1568.74 94.1242 94.1242 94.1242  0 0 0 0 0 0 
 0.700616 0.0202011   -0.166256 -0.0688916 0.322699  0.150367 -0.804107 -0.501858 0.280963   4.01123 -2.98627 -1.12793  1.95282 1.62262 -0.389648   -0.508415 -0.0663546 0.677991  0.786001 0.289687 -0.546153 0.168554 -0.950369 -0.261513 -0.594804 0.113493 -0.795819   1568.74 1568.74 1568.74 94.1242 94.1242 94.1242  0 0 0 0 0 0 
 0.710667 0.0202011   -0.166256 -0.0688916 0.322699  0.150367 -0.804107 -0.501858 0.280963   4.21936 -2.79565 -1.17493  2.29889 1.17328 -0.553711   -0.508419 -0.0662679 0.678691  0.785161 0.289689 -0.54736 0.168077 -0.950354 -0.261875 -0.596048 0.113615 -0.79487   1568.74 1568.74 1568.74 94.1242 94.1242 94.1242  0 0 0 0 0 0 
 0.720665 0.0202011   -0.166256 -0.0688916 0.322699  0.150367 -0.804107 -0.501858 0.280963   3.72742 -3.17688 -1.45691  1.73035 1.52277 -0.574219   -0.508424 -0.0661739 0.679409  0.784302 0.289685 -0.548591 0.167571 -0.950337 -0.262258 -0.597319 0.113762 -0.793895   1568.74 1568.74 1568.74 94.1242 94.1242 94.1242  0 0 0 0 0 0 
 0.730662 0.0202011   -0.166256 -0.0688916 0.322699  0.150367 -0.804107 -0.501858 0.280963   4.38965 -2.96509 -1.36292  1.97754 0.998535 -0.47168   -0.508428 -0.0660518 0.680098  0.783495 0.289634 -0.54977 0.167024 -0.950331 -0.26263 -0.59853 0.113944 -0.792955   1568.74 1568.74 1568.74 94.1242 94.1242 94.1242  0 0 0 0 0 0 
 0.740658 0.0202011   -0.166256 -0.0688916 0.322699  0.150367 -0.804107 -0.501858 0.280963   4.04907 -3.32513 -1.50391  1.50787 1.24817 -0.492188   -0.508428 -0.065908 0.680795  0.782689 0.289543 -0.550965 0.166436 -0.950336 -0.262984 -0.599747 0.114134 -0.792008   1568.74 1568.74 1568.74 94.1242 94.1242 94.1242  0 0 0 0 0 0 
 0.750657 0.0074888   -0.217898 0.076785 -0.288296  0.218396 0.47584 -0.824988 -0.212777   3.74634 -3.2616 -1.45691  1.45844 1.74744 -0.410156   -0.508427 -0.06575 0.681493  0.781888 0.289426 -0.552162 0.165825 -0.950348 -0.263327 -0.60096 0.11433 -0.79106   1710.65 1710.65 1710.65 102.639 102.639 102.639  0 0 0 0 0 0 
 0.760688 0.0074888   -0.217898 0.076785 -0.288296  0.218396 0.47584 -0.824988 -0.212777   4.2572 -3.1557 -1.69189  1.58203 1.04846 -0.492188   -0.508422 -0.0655716 0.682184  0.781104 0.289269 -0.553353 0.165186 -0.950372 -0.26364 -0.602154 0.114524 -0.790123   1710.65 1710.65 1710.65 102.639 102.639 102.639  0 0 0 0 0 0 
 0.77066 0.0074888   -0.217898 0.076785 -0.288296  0.218396 0.47584 -0.824988 -0.212777   3.91663 -3.43103 -0.892944  1.11237 1.4978 -0.246094   -0.508409 -0.0653707 0.682885  0.780318 0.289078 -0.554561 0.164517 -0.950407 -0.263932 -0.603356 0.114717 -0.789178   1710.65 1710.65 1710.65 102.639 102.639 102.639  0 0 0 0 0 0 
 0.780687 0.0074888   -0.217898 0.076785 -0.288296  0.218396 0.47584 -0.824988 -0.212777   3.76526 -3.51575 -1.6449  1.06293 1.59766 -0.410156   -0.5084 -0.0651658 0.683565  0.779559 0.288877 -0.555732 0.163841 -0.950443 -0.264223 -0.604519 0.114925 -0.788257   1710.65 1710.65 1710.65 102.639 102.639 102.639  0 0 0 0 0 0 
 0.790674 0.0074888   -0.217898 0.076785 -0.288296  0.218396 0.47584 -0.824988 -0.212777   4.20044 -3.32513 -0.563965  1.48315 1.04846 -0.307617   -0.508388 -0.06493 0.684218  0.778853 0.288623 -0.556852 0.163126 -0.950491 -0.264492 -0.605622 0.115164 -0.787375   1710.65 1710.65 1710.65 102.639 102.639 102.639  0 0 0 0 0 0 
 0.800662 0.0074888   -0.217898 0.076785 -0.288296  0.218396 0.47584 -0.824988 -0.212777   4.06799 -3.68518 -1.08093  0.914612 1.2981 -0.410156   -0.508369 -0.0646648 0.684884  0.778144 0.288328 -0.557995 0.16236 -0.95055 -0.264754 -0.606738 0.115421 -0.786478   1710.65 1710.65 1710.65 102.639 102.639 102.639  0 0 0 0 0 0 
 0.810662 0.0074888   -0.217898 0.076785 -0.288296  0.218396 0.47584 -0.824988 -0.212777   4.06799 -3.664 -1.08093  0.98877 1.19824 -0.492188   -0.508354 -0.0643979 0.685525  0.777469 0.288031 -0.559088 0.161588 -0.950605 -0.265028 -0.607808 0.115709 -0.785608   1710.65 1710.65 1710.65 102.639 102.639 102.639  0 0 0 0 0 0 
 0.820684 0.0074888   -0.217898 0.076785 -0.288296  0.218396 0.47584 -0.824988 -0.212777   4.65454 -3.38867 -0.939941  1.31012 0.574158 -0.307617   -0.50834 -0.0640912 0.686123  0.776874 0.287674 -0.560099 0.160758 -0.950669 -0.265301 -0.608789 0.116066 -0.784796   1710.65 1710.65 1710.65 102.639 102.639 102.639  0 0 0 0 0 0 
 0.830668 0.0074888   -0.217898 0.076785 -0.288296  0.218396 0.47584 -0.824988 -0.212777   4.08691 -3.664 -1.08093  0.840454 0.898682 -0.410156   -0.508322 -0.0637403 0.686726  0.776296 0.287253 -0.561115 0.159846 -0.950747 -0.265574 -0.609765 0.116472 -0.783978   1710.65 1710.65 1710.65 102.639 102.639 102.639  0 0 0 0 0 0 
 0.840705 0.0074888   -0.217898 0.076785 -0.288296  0.218396 0.47584 -0.824988 -0.212777   4.1626 -3.7699 -1.08093  0.568542 1.0235 -0.328125   -0.50831 -0.0633771 0.6873  0.775762 0.286807 -0.562081 0.158915 -0.950829 -0.265841 -0.610687 0.116906 -0.783195   1710.65 1710.65 1710.65 102.639 102.639 102.639  0 0 0 0 0 0 
 0.850652 0.00433544   -0.21165 0.0722291 -0.294998  0.225149 0.476807 -0.824782 -0.204201   4.54102 -3.83344 -1.08093  0.617981 0.723938 -0.328125   -0.508301 -0.0630136 0.68786  0.775245 0.286351 -0.563026 0.157981 -0.950912 -0.266098 -0.611585 0.117344 -0.782428   1670.33 1670.33 1670.33 100.22 100.22 100.22  0 0 0 0 0 0 
 0.860696 0.00433544   -0.21165 0.0722291 -0.294998  0.225149 0.476807 -0.824782 -0.204201   4.46533 -3.83344 -0.704956  0.617981 0.624084 -0.246094   -0.508285 -0.0626222 0.688411  0.774755 0.285846 -0.563957 0.157013 -0.951009 -0.266324 -0.612456 0.117787 -0.78168   1670.33 1670.33 1670.33 100.22 100.22 100.22  0 0 0 0 0 0 
 0.87069 0.00433544   -0.21165 0.0722291 -0.294998  0.225149 0.476807 -0.824782 -0.204201   4.23828 -3.91815 -0.704956  0.543823 0.923645 -0.246094   -0.508265 -0.0622006 0.688967  0.774273 0.285294 -0.564897 0.155993 -0.951117 -0.26654 -0.613325 0.118255 -0.780928   1670.33 1670.33 1670.33 100.22 100.22 100.22  0 0 0 0 0 0 
 0.880664 0.00433544   -0.21165 0.0722291 -0.294998  0.225149 0.476807 -0.824782 -0.204201   4.1626 -3.7699 -0.704956  0.568542 1.0235 -0.164062   -0.508254 -0.0617554 0.689501  0.773834 0.284705 -0.565795 0.154918 -0.951227 -0.266772 -0.614151 0.118785 -0.780198   1670.33 1670.33 1670.33 100.22 100.22 100.22  0 0 0 0 0 0 
 0.890702 0.00433544   -0.21165 0.0722291 -0.294998  0.225149 0.476807 -0.824782 -0.204201   4.54102 -3.91815 -0.892944  0.6427 0.823792 -0.164062   -0.508246 -0.0612825 0.690015  0.773437 0.284068 -0.566658 0.153792 -0.951346 -0.267001 -0.614934 0.119361 -0.779493   1670.33 1670.33 1670.33 100.22 100.22 100.22  0 0 0 0 0 0 
 0.900663 0.00433544   -0.21165 0.0722291 -0.294998  0.225149 0.476807 -0.824782 -0.204201   4.35181 -4.08759 -0.892944  0.346069 0.873718 -0.328125   -0.508236 -0.0607901 0.690533  0.773046 0.283402 -0.567524 0.152624 -0.951468 -0.267235 -0.615716 0.119967 -0.778783   1670.33 1670.33 1670.33 100.22 100.22 100.22  0 0 0 0 0 0 
 0.910652 0.00433544   -0.21165 0.0722291 -0.294998  0.225149 0.476807 -0.824782 -0.204201   4.35181 -4.19348 -0.892944  0.148315 0.873718 -0.246094   -0.508222 -0.060279 0.691055  0.772659 0.282713 -0.568393 0.151422 -0.951593 -0.267473 -0.616497 0.120598 -0.778066   1670.33 1670.33 1670.33 100.22 100.22 100.22  0 0 0 0 0 0 
 0.920658 0.00433544   -0.21165 0.0722291 -0.294998  0.225149 0.476807 -0.824782 -0.204201   4.27612 -4.10876 -0.704956  0.247192 0.873718 -0.164062   -0.508212 -0.0597587 0.691574  0.77228 0.28201 -0.569258 0.150199 -0.951719 -0.267715 -0.617272 0.121249 -0.777351   1670.33 1670.33 1670.33 100.22 100.22 100.22  0 0 0 0 0 0 
 0.930662 0.00433544   -0.21165 0.0722291 -0.294998  0.225149 0.476807 -0.824782 -0.204201   4.78699 -4.06641 -0.328979  0.271912 0.549194 -0.143555   -0.508205 -0.0592269 0.692081  0.771922 0.281288 -0.5701 0.148949 -0.951845 -0.267964 -0.618022 0.121932 -0.776648   1670.33 1670.33 1670.33 100.22 100.22 100.22  0 0 0 0 0 0 
 0.94069 0.00433544   -0.21165 0.0722291 -0.294998  0.225149 0.476807 -0.824782 -0.204201   5.03296 -4.32056 -0.704956  0.0247192 0.174744 -0.164062   -0.508198 -0.0586543 0.692579  0.771598 0.280506 -0.570923 0.147628 -0.951982 -0.26821 -0.618743 0.122666 -0.775958   1670.33 1670.33 1670.33 100.22 100.22 100.22  0 0 0 0 0 0 
 0.950677 0.00810949   -0.226251 0.0733309 -0.288137  -0.209579 -0.464404 0.829699 0.228046   4.74915 -4.51117 -0.328979  -0.32135 0.524231 -0.164062   -0.50819 -0.0580492 0.693085  0.771282 0.279677 -0.571756 0.146239 -0.952125 -0.268464 -0.619466 0.123449 -0.775256   1791.22 1791.22 1791.22 107.473 107.473 107.473  0 0 0 0 0 0 
 0.960671 0.00810949   -0.226251 0.0733309 -0.288137  -0.209579 -0.464404 0.829699 0.228046   4.35181 -4.2782 -0.516968  -0.0494385 0.898682 0   -0.508182 -0.0574362 0.693594  0.770966 0.278842 -0.572589 0.144819 -0.952262 -0.268745 -0.620193 0.124271 -0.774544   1791.22 1791.22 1791.22 107.473 107.473 107.473  0 0 0 0 0 0 
 0.970673 0.00810949   -0.226251 0.0733309 -0.288137  -0.209579 -0.464404 0.829699 0.228046   4.67346 -4.42645 -0.328979  -0.395508 0.823792 0   -0.508179 -0.0568314 0.694093  0.770657 0.278013 -0.573407 0.143409 -0.952397 -0.269023 -0.620904 0.125093 -0.773841   1791.22 1791.22 1791.22 107.473 107.473 107.473  0 0 0 0 0 0 
 0.980661 0.00810949   -0.226251 0.0733309 -0.288137  -0.209579 -0.464404 0.829699 0.228046   5.05188 -4.48999 -0.892944  -0.271912 0.0998535 -0.164062   -0.508177 -0.056184 0.69457  0.770402 0.277119 -0.574182 0.141924 -0.95254 -0.269303 -0.621561 0.125982 -0.773169   1791.22 1791.22 1791.22 107.473 107.473 107.473  0 0 0 0 0 0 
 0.990673 0.00810949   -0.226251 0.0733309 -0.288137  -0.209579 -0.464404 0.829699 0.228046   4.86267 -4.85004 -0.0939941  -0.6427 0.249634 0.0820312   -0.508173 -0.0555153 0.695048  0.770156 0.276195 -0.574958 0.140402 -0.952688 -0.269579 -0.622212 0.126892 -0.772496   1791.22 1791.22 1791.22 107.473 107.473 107.473  0 0 0 0 0 0 
 1.00067 0.00810949   -0.226251 0.0733309 -0.288137  -0.209579 -0.464404 0.829699 0.228046   4.7113 -4.87122 -0.281982  -0.815735 0.549194 0   -0.508168 -0.0548119 0.695532  0.769919 0.275224 -0.57574 0.138807 -0.95284 -0.269869 -0.622863 0.12786 -0.771812   1791.22 1791.22 1791.22 107.473 107.473 107.473  0 0 0 0 0 0 
 1.01066 0.00810949   -0.226251 0.0733309 -0.288137  -0.209579 -0.464404 0.829699 0.228046   4.78699 -5.10419 -0.0939941  -0.939331 0.374451 0   -0.508159 -0.0540986 0.696017  0.769684 0.274225 -0.576531 0.137199 -0.953 -0.270126 -0.623509 0.128812 -0.771131   1791.22 1791.22 1791.22 107.473 107.473 107.473  0 0 0 0 0 0 
 1.02065 0.00810949   -0.226251 0.0733309 -0.288137  -0.209579 -0.464404 0.829699 0.228046   5.0708 -4.74414 -0.704956  -0.692139 0.0499268 -0.164062   -0.50815 -0.0533576 0.696477  0.769496 0.273181 -0.577276 0.135539 -0.953163 -0.270389 -0.624103 0.12982 -0.770482   1791.22 1791.22 1791.22 107.473 107.473 107.473  0 0 0 0 0 0 
 1.0307 0.00810949   -0.226251 0.0733309 -0.288137  -0.209579 -0.464404 0.829699 0.228046   5.39246 -4.80768 0.0469971  -0.766296 -0.449341 -0.0615234   -0.508147 -0.0525807 0.696899  0.769379 0.272075 -0.577954 0.133813 -0.953332 -0.270653 -0.624619 0.130897 -0.769881   1791.22 1791.22 1791.22 107.473 107.473 107.473  0 0 0 0 0 0 
 1.04066 0.00810949   -0.226251 0.0733309 -0.288137  -0.209579 -0.464404 0.829699 0.228046   5.18433 -5.1889 0.0939941  -1.21124 -0.0998535 0   -0.508141 -0.0517693 0.697334  0.769266 0.27093 -0.578643 0.132014 -0.953501 -0.270941 -0.625142 0.132037 -0.769262   1791.22 1791.22 1791.22 107.473 107.473 107.473  0 0 0 0 0 0 
 1.05067 0.00676168   -0.231347 0.0672684 -0.291539  0.891908 -0.347864 -0.0480693 0.28492   4.95728 -5.1889 0.0939941  -1.2854 0 0   -0.508133 -0.0509091 0.697765  0.769183 0.269727 -0.579314 0.130119 -0.95367 -0.27126 -0.625641 0.133269 -0.768643   1852.62 1852.62 1852.62 111.157 111.157 111.157  0 0 0 0 0 0 
 1.06068 0.00676168   -0.231347 0.0672684 -0.291539  0.891908 -0.347864 -0.0480693 0.28492   5.41138 -4.99829 0.0469971  -1.03821 -0.324524 0.102539   -0.508124 -0.0500154 0.698187  0.769131 0.268458 -0.579972 0.12815 -0.953848 -0.271572 -0.626111 0.134552 -0.768037   1852.62 1852.62 1852.62 111.157 111.157 111.157  0 0 0 0 0 0 
 1.07068 0.00676168   -0.231347 0.0672684 -0.291539  0.891908 -0.347864 -0.0480693 0.28492   5.50598 -5.25244 -0.328979  -1.31012 -0.199707 0.164062   -0.508125 -0.0490819 0.698599  0.769114 0.26712 -0.580612 0.126085 -0.95403 -0.271898 -0.626551 0.135914 -0.767438   1852.62 1852.62 1852.62 111.157 111.157 111.157  0 0 0 0 0 0 
 1.08069 0.00676168   -0.231347 0.0672684 -0.291539  0.891908 -0.347864 -0.0480693 0.28492   5.27893 -5.44305 -0.281982  -1.50787 -0.0748901 0.246094   -0.508126 -0.048112 0.698992  0.76914 0.265719 -0.581221 0.123948 -0.954218 -0.272221 -0.626946 0.137335 -0.766863   1852.62 1852.62 1852.62 111.157 111.157 111.157  0 0 0 0 0 0 
 1.09068 0.00676168   -0.231347 0.0672684 -0.291539  0.891908 -0.347864 -0.0480693 0.28492   5.20325 -5.44305 0.0939941  -1.48315 0.0249634 0.328125   -0.508126 -0.0471251 0.699383  0.769173 0.264291 -0.581828 0.121781 -0.954407 -0.272537 -0.627329 0.138773 -0.76629   1852.62 1852.62 1852.62 111.157 111.157 111.157  0 0 0 0 0 0 
 1.10069 0.00676168   -0.231347 0.0672684 -0.291539  0.891908 -0.347864 -0.0480693 0.28492   4.74915 -5.2948 -0.0939941  -1.33484 0.399414 0.328125   -0.508121 -0.0460968 0.699787  0.769209 0.262799 -0.582455 0.119532 -0.954602 -0.27285 -0.627717 0.140257 -0.765702   1852.62 1852.62 1852.62 111.157 111.157 111.157  0 0 0 0 0 0 
 1.1107 0.00676168   -0.231347 0.0672684 -0.291539  0.891908 -0.347864 -0.0480693 0.28492   4.91943 -5.63367 -0.0939941  -1.45844 0.199707 0.492188   -0.50812 -0.0450814 0.700168  0.769265 0.261325 -0.583044 0.117309 -0.954787 -0.273166 -0.628069 0.14174 -0.76514   1852.62 1852.62 1852.62 111.157 111.157 111.157  0 0 0 0 0 0 
 1.12068 0.00676168   -0.231347 0.0672684 -0.291539  0.891908 -0.347864 -0.0480693 0.28492   5.03296 -5.21008 0.0939941  -1.13708 0.274597 0.492188   -0.508126 -0.0440461 0.700537  0.769347 0.259822 -0.583607 0.115033 -0.954967 -0.273508 -0.628389 0.143288 -0.764589   1852.62 1852.62 1852.62 111.157 111.157 111.157  0 0 0 0 0 0 
 1.13062 0.00676168   -0.231347 0.0672684 -0.291539  0.891908 -0.347864 -0.0480693 0.28492   4.9762 -5.46423 0.0939941  -1.33484 0.199707 0.328125   -0.508129 -0.0430052 0.700901  0.769435 0.258308 -0.584164 0.112754 -0.955144 -0.273835 -0.628694 0.144831 -0.764047   1852.62 1852.62 1852.62 111.157 111.157 111.157  0 0 0 0 0 0 
 1.1407 0.00676168   -0.231347 0.0672684 -0.291539  0.891908 -0.347864 -0.0480693 0.28492   5.18433 -5.01947 0.469971  -1.1618 0.174744 0.328125   -0.508133 -0.0419205 0.701256  0.769557 0.256726 -0.5847 0.110379 -0.955323 -0.274179 -0.628966 0.146458 -0.763513   1852.62 1852.62 1852.62 111.157 111.157 111.157  0 0 0 0 0 0 
 1.15067 0.0216168   -0.174813 -0.0538428 0.336873  0.876009 -0.0758801 0.4704 0.0746578   5.35461 -5.44305 0.281982  -1.50787 -0.0748901 0.410156   -0.508135 -0.0408254 0.701598  0.7697 0.255125 -0.585212 0.10798 -0.955496 -0.27453 -0.629208 0.148115 -0.762994   1719.58 1719.58 1719.58 103.175 103.175 103.175  0 0 0 0 0 0 
 1.16068 0.0216168   -0.174813 -0.0538428 0.336873  0.876009 -0.0758801 0.4704 0.0746578   5.12756 -5.63367 0.0939941  -1.55731 0.22467 0.410156   -0.50814 -0.0397435 0.701924  0.769854 0.253542 -0.585698 0.105609 -0.955661 -0.27488 -0.629422 0.149762 -0.762496   1719.58 1719.58 1719.58 103.175 103.175 103.175  0 0 0 0 0 0 
