 TimeStamp manip.manip_measure_out_port tt.outport_grip.position.x tt.outport_grip.position.y tt.outport_grip.position.z tt.outport_grip.orientation.x tt.outport_grip.orientation.y tt.outport_grip.orientation.z tt.outport_grip.orientation.w jr3.ForceTorqueOutputPort.forces.0 jr3.ForceTorqueOutputPort.forces.1 jr3.ForceTorqueOutputPort.forces.2 jr3.ForceTorqueOutputPort.torques.0 jr3.ForceTorqueOutputPort.torques.1 jr3.ForceTorqueOutputPort.torques.2 test.cart_pose_loop_out_port.p.X test.cart_pose_loop_out_port.p.Y test.cart_pose_loop_out_port.p.Z test.cart_pose_loop_out_port.M.X_x test.cart_pose_loop_out_port.M.X_y test.cart_pose_loop_out_port.M.X_z test.cart_pose_loop_out_port.M.Y_x test.cart_pose_loop_out_port.M.Y_y test.cart_pose_loop_out_port.M.Y_z test.cart_pose_loop_out_port.M.Z_x test.cart_pose_loop_out_port.M.Z_y test.cart_pose_loop_out_port.M.Z_z stiff.cart_stiffdamp_out_port.stiffness.0 stiff.cart_stiffdamp_out_port.stiffness.1 stiff.cart_stiffdamp_out_port.stiffness.2 stiff.cart_stiffdamp_out_port.stiffness.3 stiff.cart_stiffdamp_out_port.stiffness.4 stiff.cart_stiffdamp_out_port.stiffness.5 stiff.cart_stiffdamp_out_port.damping.0 stiff.cart_stiffdamp_out_port.damping.1 stiff.cart_stiffdamp_out_port.damping.2 stiff.cart_stiffdamp_out_port.damping.3 stiff.cart_stiffdamp_out_port.damping.4 stiff.cart_stiffdamp_out_port.damping.5
 5.96e-07 0.0306823   -0.256228 -0.233398 0.184942  -0.177553 0.591105 -0.714661 0.329136   -0.0756836 -1.0166 0.563965  -0.889893 0.748901 -0.430664   -0.572428 -0.163202 0.646995  0.684094 0.581532 -0.440269 0.500856 -0.813325 -0.296051 -0.530244 -0.0179848 -0.847654   2272.05 2272.05 2272.05 136.323 136.323 136.323  0 0 0 0 0 0 
 0.0178566 0.0306823   -0.256228 -0.233398 0.184942  -0.177553 0.591105 -0.714661 0.329136   0.0567627 -0.825989 0  -0.543823 0.399414 -0.348633   -0.572451 -0.163169 0.646969  0.684166 0.581562 -0.440118 0.500763 -0.81331 -0.29625 -0.53024 -0.0177104 -0.847663   2272.05 2272.05 2272.05 136.323 136.323 136.323  0 0 0 0 0 0 
 0.0278352 0.0306823   -0.256228 -0.233398 0.184942  -0.177553 0.591105 -0.714661 0.329136   0.20813 -0.825989 0.704956  -0.568542 0.199707 -0.348633   -0.572458 -0.163156 0.646963  0.68419 0.58156 -0.440082 0.500728 -0.813312 -0.296301 -0.53024 -0.0176354 -0.847664   2272.05 2272.05 2272.05 136.323 136.323 136.323  0 0 0 0 0 0 
 0.0378383 0.0306823   -0.256228 -0.233398 0.184942  -0.177553 0.591105 -0.714661 0.329136   0.20813 -0.741272 0.328979  -0.568542 0.199707 -0.430664   -0.572462 -0.163143 0.646963  0.684206 0.581548 -0.440073 0.500698 -0.813322 -0.296326 -0.530249 -0.0175954 -0.847659   2272.05 2272.05 2272.05 136.323 136.323 136.323  0 0 0 0 0 0 
 0.0478684 0.0306823   -0.256228 -0.233398 0.184942  -0.177553 0.591105 -0.714661 0.329136   0.20813 -0.741272 -0.234985  -0.543823 0.399414 -0.430664   -0.572462 -0.163136 0.646967  0.684213 0.581538 -0.440074 0.50068 -0.813329 -0.296337 -0.530256 -0.0175789 -0.847655   2272.05 2272.05 2272.05 136.323 136.323 136.323  0 0 0 0 0 0 
 0.0578629 0.0306823   -0.256228 -0.233398 0.184942  -0.177553 0.591105 -0.714661 0.329136   0.132446 -0.825989 -0.187988  -0.543823 0.399414 -0.348633   -0.572462 -0.163131 0.646971  0.684215 0.581532 -0.44008 0.500668 -0.813334 -0.296344 -0.530266 -0.0175712 -0.847649   2272.05 2272.05 2272.05 136.323 136.323 136.323  0 0 0 0 0 0 
 0.0678334 0.0306823   -0.256228 -0.233398 0.184942  -0.177553 0.591105 -0.714661 0.329136   0.20813 -0.741272 0.140991  -0.568542 0.199707 -0.348633   -0.572462 -0.163124 0.646978  0.684217 0.581524 -0.440087 0.500653 -0.813339 -0.296354 -0.530278 -0.0175607 -0.847642   2272.05 2272.05 2272.05 136.323 136.323 136.323  0 0 0 0 0 0 
 0.0778296 0.0306823   -0.256228 -0.233398 0.184942  -0.177553 0.591105 -0.714661 0.329136   0.264893 -0.571838 -0.0469971  -0.593262 0.0998535 -0.266602   -0.572461 -0.163114 0.646988  0.684218 0.581514 -0.440099 0.50063 -0.813347 -0.29637 -0.530297 -0.017545 -0.84763   2272.05 2272.05 2272.05 136.323 136.323 136.323  0 0 0 0 0 0 
 0.08783 0.0306823   -0.256228 -0.233398 0.184942  -0.177553 0.591105 -0.714661 0.329136   0.41626 -0.635376 -0.234985  -0.395508 0 -0.18457   -0.572462 -0.163102 0.647001  0.684222 0.5815 -0.440111 0.500599 -0.813358 -0.296394 -0.530321 -0.0175198 -0.847616   2272.05 2272.05 2272.05 136.323 136.323 136.323  0 0 0 0 0 0 
 0.0978509 0.0305525   -0.256813 -0.230688 0.185458  -0.174373 0.592925 -0.715881 0.324882   0.510864 -0.465942 -0.79895  -0.222473 -0.124817 -0.102539   -0.572463 -0.163086 0.647016  0.684226 0.581483 -0.440127 0.50056 -0.81337 -0.296427 -0.530353 -0.0174872 -0.847596   2277.66 2277.66 2277.66 136.66 136.66 136.66  0 0 0 0 0 0 
 0.107984 0.0305525   -0.256813 -0.230688 0.185458  -0.174373 0.592925 -0.715881 0.324882   0.567627 -0.381226 -1.22192  -0.148315 -0.22467 -0.102539   -0.572463 -0.163077 0.647026  0.684227 0.581474 -0.440138 0.500535 -0.813377 -0.296448 -0.530375 -0.0174666 -0.847583   2277.66 2277.66 2277.66 136.66 136.66 136.66  0 0 0 0 0 0 
 0.117835 0.0305525   -0.256813 -0.230688 0.185458  -0.174373 0.592925 -0.715881 0.324882   0.794678 -0.27533 -0.845947  -0.0741577 -0.549194 -0.18457   -0.572465 -0.16306 0.647061  0.684213 0.581459 -0.44018 0.500478 -0.813389 -0.296512 -0.530447 -0.0174225 -0.847539   2277.66 2277.66 2277.66 136.66 136.66 136.66  0 0 0 0 0 0 
 0.127842 0.0305525   -0.256813 -0.230688 0.185458  -0.174373 0.592925 -0.715881 0.324882   0.775757 -0.105896 -1.03394  0.123596 -0.549194 -0.102539   -0.572466 -0.163052 0.6471  0.684181 0.581455 -0.440234 0.500437 -0.813392 -0.296574 -0.530527 -0.0173987 -0.847489   2277.66 2277.66 2277.66 136.66 136.66 136.66  0 0 0 0 0 0 
 0.13786 0.0305525   -0.256813 -0.230688 0.185458  -0.174373 0.592925 -0.715881 0.324882   0.605469 -0.0211792 -1.26892  0.32135 -0.474304 -0.102539   -0.572466 -0.163056 0.647156  0.684118 0.581467 -0.440317 0.500406 -0.813384 -0.296647 -0.530637 -0.0173954 -0.847421   2277.66 2277.66 2277.66 136.66 136.66 136.66  0 0 0 0 0 0 
 0.147833 0.0305525   -0.256813 -0.230688 0.185458  -0.174373 0.592925 -0.715881 0.324882   0.510864 0.232971 -0.704956  0.543823 -0.399414 -0.102539   -0.572466 -0.163073 0.64723  0.684018 0.581498 -0.440432 0.500388 -0.813362 -0.29674 -0.530784 -0.0174111 -0.847328   2277.66 2277.66 2277.66 136.66 136.66 136.66  0 0 0 0 0 0 
 0.157833 0.0305525   -0.256813 -0.230688 0.185458  -0.174373 0.592925 -0.715881 0.324882   0.529785 0.148254 -1.26892  0.444946 -0.399414 -0.102539   -0.572466 -0.163105 0.647322  0.683879 0.58155 -0.440578 0.500386 -0.813323 -0.296849 -0.530965 -0.0174501 -0.847214   2277.66 2277.66 2277.66 136.66 136.66 136.66  0 0 0 0 0 0 
 0.167831 0.0305525   -0.256813 -0.230688 0.185458  -0.174373 0.592925 -0.715881 0.324882   0.454102 0.296509 -1.5979  0.494385 -0.299561 -0.18457   -0.572465 -0.163146 0.647431  0.68371 0.581617 -0.440753 0.50039 -0.813275 -0.296975 -0.531178 -0.0175037 -0.847079   2277.66 2277.66 2277.66 136.66 136.66 136.66  0 0 0 0 0 0 
 0.177834 0.0305525   -0.256813 -0.230688 0.185458  -0.174373 0.592925 -0.715881 0.324882   0.151367 0.211792 -1.5979  0.296631 0.0249634 -0.102539   -0.572464 -0.163193 0.647548  0.683525 0.58169 -0.440941 0.500397 -0.813221 -0.29711 -0.531409 -0.0175636 -0.846933   2277.66 2277.66 2277.66 136.66 136.66 136.66  0 0 0 0 0 0 
 0.187827 0.0305525   -0.256813 -0.230688 0.185458  -0.174373 0.592925 -0.715881 0.324882   -0.0756836 0.190613 -1.36292  0.247192 0.124817 -0.0205078   -0.572463 -0.163245 0.647675  0.683324 0.581772 -0.441145 0.500408 -0.813161 -0.297256 -0.531657 -0.0176302 -0.846776   2277.66 2277.66 2277.66 136.66 136.66 136.66  0 0 0 0 0 0 
 0.197839 0.0293215   -0.253675 -0.204987 0.210854  -0.261293 0.723269 0.631438 -0.0994695   0 0.27533 -0.79895  0.247192 0.324524 -0.102539   -0.572459 -0.163304 0.647806  0.683111 0.581862 -0.441357 0.500427 -0.813094 -0.297406 -0.531914 -0.0177055 -0.846613   2373.97 2373.97 2373.97 142.438 142.438 142.438  0 0 0 0 0 0 
 0.207832 0.0293215   -0.253675 -0.204987 0.210854  -0.261293 0.723269 0.631438 -0.0994695   -0.0756836 0.105896 -0.422974  0.0494385 0.14978 -0.0205078   -0.572455 -0.163367 0.647935  0.682895 0.581958 -0.441564 0.500451 -0.813024 -0.297556 -0.532168 -0.0177817 -0.846452   2373.97 2373.97 2373.97 142.438 142.438 142.438  0 0 0 0 0 0 
 0.217857 0.0293215   -0.253675 -0.204987 0.210854  -0.261293 0.723269 0.631438 -0.0994695   -0.0756836 0.0211792 -0.610962  0.123596 0.14978 -0.102539   -0.572452 -0.163422 0.648052  0.682701 0.582042 -0.441753 0.50047 -0.812963 -0.297693 -0.532399 -0.017849 -0.846305   2373.97 2373.97 2373.97 142.438 142.438 142.438  0 0 0 0 0 0 
 0.227839 0.0293215   -0.253675 -0.204987 0.210854  -0.261293 0.723269 0.631438 -0.0994695   0 0.105896 -0.469971  0.197754 0.0249634 -0.102539   -0.572451 -0.163469 0.64816  0.682528 0.582114 -0.441927 0.500481 -0.81291 -0.297819 -0.532611 -0.0179066 -0.84617   2373.97 2373.97 2373.97 142.438 142.438 142.438  0 0 0 0 0 0 
 0.237839 0.0293215   -0.253675 -0.204987 0.210854  -0.261293 0.723269 0.631438 -0.0994695   0.227051 0.211792 -0.281982  0.271912 -0.274597 0.0615234   -0.57245 -0.163508 0.648256  0.682376 0.582175 -0.44208 0.500487 -0.812865 -0.297931 -0.532799 -0.0179547 -0.846051   2373.97 2373.97 2373.97 142.438 142.438 142.438  0 0 0 0 0 0 
 0.247832 0.0293215   -0.253675 -0.204987 0.210854  -0.261293 0.723269 0.631438 -0.0994695   0.151367 0.211792 -0.657959  0.173035 -0.174744 -0.102539   -0.57245 -0.163541 0.648341  0.682241 0.582229 -0.442218 0.500492 -0.812826 -0.29803 -0.532968 -0.0179978 -0.845944   2373.97 2373.97 2373.97 142.438 142.438 142.438  0 0 0 0 0 0 
 0.257837 0.0293215   -0.253675 -0.204987 0.210854  -0.261293 0.723269 0.631438 -0.0994695   0.0189209 0.105896 -0.79895  0.197754 -0.0748901 -0.0205078   -0.572449 -0.163572 0.648419  0.682119 0.582277 -0.442342 0.500496 -0.81279 -0.298121 -0.53312 -0.0180369 -0.845847   2373.97 2373.97 2373.97 142.438 142.438 142.438  0 0 0 0 0 0 
 0.267836 0.0293215   -0.253675 -0.204987 0.210854  -0.261293 0.723269 0.631438 -0.0994695   0.0189209 -0.0635376 -1.17493  0.0247192 0.14978 -0.0205078   -0.572448 -0.163603 0.648499  0.681994 0.582326 -0.442471 0.5005 -0.812754 -0.298212 -0.533277 -0.0180775 -0.845748   2373.97 2373.97 2373.97 142.438 142.438 142.438  0 0 0 0 0 0 
 0.277828 0.0293215   -0.253675 -0.204987 0.210854  -0.261293 0.723269 0.631438 -0.0994695   -0.132446 0.0211792 -1.36292  0 -0.0499268 -0.0410156   -0.572448 -0.163634 0.648579  0.681868 0.582376 -0.4426 0.500503 -0.812718 -0.298306 -0.533435 -0.0181173 -0.845647   2373.97 2373.97 2373.97 142.438 142.438 142.438  0 0 0 0 0 0 
 0.287843 0.0293215   -0.253675 -0.204987 0.210854  -0.261293 0.723269 0.631438 -0.0994695   -0.132446 -0.0635376 -1.17493  0.0247192 0.14978 0.0410156   -0.572447 -0.163665 0.648665  0.681735 0.582426 -0.442738 0.500505 -0.812681 -0.298404 -0.533603 -0.0181596 -0.84554   2373.97 2373.97 2373.97 142.438 142.438 142.438  0 0 0 0 0 0 
 0.297842 0.0293889   -0.249034 -0.216182 0.201727  -0.0368534 -0.179341 0.322848 0.928573   -0.20813 -0.0847168 -1.73889  -0.0494385 0.349487 0.0410156   -0.572445 -0.163698 0.648756  0.681595 0.582479 -0.442884 0.500507 -0.812642 -0.298506 -0.53378 -0.0182065 -0.845428   2259.91 2259.91 2259.91 135.594 135.594 135.594  0 0 0 0 0 0 
 0.307831 0.0293889   -0.249034 -0.216182 0.201727  -0.0368534 -0.179341 0.322848 0.928573   -0.435181 0 -1.73889  0 0.649048 0.0410156   -0.572443 -0.163732 0.648851  0.68145 0.582533 -0.443035 0.50051 -0.812602 -0.298611 -0.533962 -0.0182551 -0.845311   2259.91 2259.91 2259.91 135.594 135.594 135.594  0 0 0 0 0 0 
 0.317837 0.0293889   -0.249034 -0.216182 0.201727  -0.0368534 -0.179341 0.322848 0.928573   -0.794678 -0.190613 -1.50391  -0.247192 0.973572 0.0410156   -0.57244 -0.163766 0.648946  0.681305 0.582588 -0.443188 0.500513 -0.812562 -0.298715 -0.534145 -0.0183054 -0.845195   2259.91 2259.91 2259.91 135.594 135.594 135.594  0 0 0 0 0 0 
 0.327845 0.0293889   -0.249034 -0.216182 0.201727  -0.0368534 -0.179341 0.322848 0.928573   -0.870361 -0.296509 -1.08093  -0.32135 1.09839 0.0410156   -0.572436 -0.163797 0.649037  0.681169 0.582637 -0.443332 0.500515 -0.812525 -0.29881 -0.534316 -0.0183544 -0.845086   2259.91 2259.91 2259.91 135.594 135.594 135.594  0 0 0 0 0 0 
 0.337844 0.0293889   -0.249034 -0.216182 0.201727  -0.0368534 -0.179341 0.322848 0.928573   -1.09741 -0.317688 -0.892944  -0.370789 1.39795 0.0410156   -0.572432 -0.163824 0.649114  0.681051 0.58268 -0.443456 0.500519 -0.812493 -0.29889 -0.534462 -0.0183991 -0.844992   2259.91 2259.91 2259.91 135.594 135.594 135.594  0 0 0 0 0 0 
 0.347833 0.0293889   -0.249034 -0.216182 0.201727  -0.0368534 -0.179341 0.322848 0.928573   -1.09741 -0.317688 -0.516968  -0.247192 1.59766 -0.123047   -0.572426 -0.16385 0.649168  0.680962 0.582718 -0.443544 0.500533 -0.812465 -0.298944 -0.534564 -0.0184389 -0.844927   2259.91 2259.91 2259.91 135.594 135.594 135.594  0 0 0 0 0 0 
 0.357828 0.0293889   -0.249034 -0.216182 0.201727  -0.0368534 -0.179341 0.322848 0.928573   -1.11633 -0.381226 -0.140991  -0.173035 1.47284 -0.0410156   -0.572421 -0.163868 0.649195  0.680911 0.582744 -0.443587 0.500547 -0.812446 -0.298971 -0.534614 -0.0184637 -0.844894   2259.91 2259.91 2259.91 135.594 135.594 135.594  0 0 0 0 0 0 
 0.367826 0.0293889   -0.249034 -0.216182 0.201727  -0.0368534 -0.179341 0.322848 0.928573   -1.11633 -0.232971 0.187988  -0.148315 1.57269 0.0410156   -0.57242 -0.163875 0.649195  0.680905 0.582751 -0.443587 0.500556 -0.812441 -0.298972 -0.534615 -0.0184687 -0.844894   2259.91 2259.91 2259.91 135.594 135.594 135.594  0 0 0 0 0 0 
 0.377848 0.0293889   -0.249034 -0.216182 0.201727  -0.0368534 -0.179341 0.322848 0.928573   -0.775757 0.148254 0.140991  0.469666 1.0235 -0.0205078   -0.57242 -0.163876 0.64918  0.680921 0.582751 -0.443562 0.500564 -0.812441 -0.298958 -0.534586 -0.0184641 -0.844912   2259.91 2259.91 2259.91 135.594 135.594 135.594  0 0 0 0 0 0 
 0.387841 0.0293889   -0.249034 -0.216182 0.201727  -0.0368534 -0.179341 0.322848 0.928573   -0.41626 0.508301 0.140991  0.741577 0.898682 -0.0205078   -0.572422 -0.163884 0.649165  0.68093 0.582759 -0.443538 0.500577 -0.812435 -0.298952 -0.534563 -0.0184596 -0.844927   2259.91 2259.91 2259.91 135.594 135.594 135.594  0 0 0 0 0 0 
 0.397836 0.0299904   -0.246778 -0.232638 0.189099  -0.0290441 -0.186858 0.320397 0.928217   -0.245972 0.52948 -0.657959  0.593262 0.698975 -0.102539   -0.572426 -0.163895 0.649151  0.680934 0.582774 -0.443514 0.500591 -0.812425 -0.298956 -0.534545 -0.0184497 -0.844939   2170.07 2170.07 2170.07 130.204 130.204 130.204  0 0 0 0 0 0 
 0.407836 0.0299904   -0.246778 -0.232638 0.189099  -0.0290441 -0.186858 0.320397 0.928217   -0.0756836 0.27533 -0.281982  0.346069 0.324524 -0.0205078   -0.572433 -0.16391 0.649134  0.680935 0.582792 -0.443487 0.500607 -0.812412 -0.298964 -0.534528 -0.0184373 -0.84495   2170.07 2170.07 2170.07 130.204 130.204 130.204  0 0 0 0 0 0 
 0.417829 0.0299904   -0.246778 -0.232638 0.189099  -0.0290441 -0.186858 0.320397 0.928217   -0.0756836 0.0211792 -0.610962  0.173035 0.14978 -0.18457   -0.572432 -0.163921 0.649131  0.680927 0.582806 -0.443482 0.500622 -0.812402 -0.298966 -0.534525 -0.0184427 -0.844952   2170.07 2170.07 2170.07 130.204 130.204 130.204  0 0 0 0 0 0 
 0.427853 0.0299904   -0.246778 -0.232638 0.189099  -0.0290441 -0.186858 0.320397 0.928217   -0.0567627 -0.0635376 -0.422974  0.0741577 0.449341 -0.18457   -0.572426 -0.163933 0.649136  0.680909 0.58282 -0.44349 0.500639 -0.812391 -0.298966 -0.534531 -0.0184595 -0.844947   2170.07 2170.07 2170.07 130.204 130.204 130.204  0 0 0 0 0 0 
 0.437839 0.0299904   -0.246778 -0.232638 0.189099  -0.0290441 -0.186858 0.320397 0.928217   0.0189209 -0.232971 -0.422974  -0.247192 0.274597 -0.102539   -0.572421 -0.163942 0.649144  0.680891 0.582831 -0.443503 0.500651 -0.812383 -0.298967 -0.534542 -0.0184762 -0.84494   2170.07 2170.07 2170.07 130.204 130.204 130.204  0 0 0 0 0 0 
 0.447838 0.0299904   -0.246778 -0.232638 0.189099  -0.0290441 -0.186858 0.320397 0.928217   -0.0378418 -0.317688 -0.610962  -0.247192 0.374451 -0.18457   -0.572418 -0.163942 0.649154  0.680881 0.582831 -0.443519 0.50065 -0.812383 -0.298972 -0.534557 -0.0184834 -0.84493   2170.07 2170.07 2170.07 130.204 130.204 130.204  0 0 0 0 0 0 
 0.457853 0.0299904   -0.246778 -0.232638 0.189099  -0.0290441 -0.186858 0.320397 0.928217   0.0378418 -0.232971 -0.0469971  -0.346069 0.399414 -0.102539   -0.572418 -0.163937 0.649159  0.68088 0.582826 -0.443527 0.500641 -0.812387 -0.298975 -0.534566 -0.0184819 -0.844924   2170.07 2170.07 2170.07 130.204 130.204 130.204  0 0 0 0 0 0 
 0.467833 0.0299904   -0.246778 -0.232638 0.189099  -0.0290441 -0.186858 0.320397 0.928217   -0.264893 -0.423584 -0.187988  -0.296631 0.798828 -0.266602   -0.572419 -0.163932 0.649159  0.680886 0.582819 -0.443527 0.500633 -0.812392 -0.298975 -0.534566 -0.0184759 -0.844925   2170.07 2170.07 2170.07 130.204 130.204 130.204  0 0 0 0 0 0 
 0.477865 0.0299904   -0.246778 -0.232638 0.189099  -0.0290441 -0.186858 0.320397 0.928217   -0.567627 -0.27533 0.187988  -0.370789 0.898682 -0.18457   -0.57242 -0.16393 0.649155  0.680893 0.582817 -0.44352 0.500632 -0.812393 -0.298972 -0.534558 -0.0184724 -0.84493   2170.07 2170.07 2170.07 130.204 130.204 130.204  0 0 0 0 0 0 
 0.487834 0.0299904   -0.246778 -0.232638 0.189099  -0.0290441 -0.186858 0.320397 0.928217   -0.737915 -0.211792 0  -0.296631 1.39795 -0.205078   -0.57242 -0.163929 0.64915  0.6809 0.582815 -0.443511 0.500633 -0.812395 -0.298968 -0.534549 -0.0184689 -0.844936   2170.07 2170.07 2170.07 130.204 130.204 130.204  0 0 0 0 0 0 
 0.497829 0.0298556   -0.2443 -0.236144 0.18282  -0.0340613 -0.180543 0.31864 0.929899   -0.889282 -0.211792 0.422974  -0.247192 1.59766 -0.102539   -0.572422 -0.16393 0.649143  0.680906 0.582816 -0.4435 0.500634 -0.812394 -0.298966 -0.534539 -0.0184632 -0.844942   2097.37 2097.37 2097.37 125.842 125.842 125.842  0 0 0 0 0 0 
 0.507835 0.0298556   -0.2443 -0.236144 0.18282  -0.0340613 -0.180543 0.31864 0.929899   -0.964966 -0.127075 0.234985  -0.247192 1.79736 -0.205078   -0.572424 -0.163931 0.649137  0.680912 0.582817 -0.44349 0.500636 -0.812394 -0.298965 -0.534531 -0.0184577 -0.844948   2097.37 2097.37 2097.37 125.842 125.842 125.842  0 0 0 0 0 0 
 0.517813 0.0298556   -0.2443 -0.236144 0.18282  -0.0340613 -0.180543 0.31864 0.929899   -0.964966 0.0423584 0  -0.0247192 1.7724 -0.123047   -0.572426 -0.163935 0.649131  0.680915 0.582823 -0.443479 0.500641 -0.81239 -0.298966 -0.534522 -0.0184535 -0.844953   2097.37 2097.37 2097.37 125.842 125.842 125.842  0 0 0 0 0 0 
 0.527834 0.0298556   -0.2443 -0.236144 0.18282  -0.0340613 -0.180543 0.31864 0.929899   -0.756836 0.127075 0.563965  -0.0494385 1.57269 -0.102539   -0.572426 -0.163944 0.649127  0.68091 0.582833 -0.443473 0.500653 -0.812383 -0.298967 -0.534517 -0.0184569 -0.844956   2097.37 2097.37 2097.37 125.842 125.842 125.842  0 0 0 0 0 0 
 0.537833 0.0298556   -0.2443 -0.236144 0.18282  -0.0340613 -0.180543 0.31864 0.929899   -0.756836 0.0423584 0.375977  0.148315 1.54773 -0.102539   -0.572423 -0.163957 0.649126  0.680898 0.582848 -0.44347 0.500671 -0.812371 -0.298967 -0.534514 -0.0184668 -0.844958   2097.37 2097.37 2097.37 125.842 125.842 125.842  0 0 0 0 0 0 
 0.547832 0.0298556   -0.2443 -0.236144 0.18282  -0.0340613 -0.180543 0.31864 0.929899   -0.83252 0.127075 0.563965  0.247192 1.54773 -0.0205078   -0.572421 -0.163967 0.649123  0.680891 0.58286 -0.443465 0.500686 -0.812363 -0.298965 -0.534509 -0.018474 -0.844961   2097.37 2097.37 2097.37 125.842 125.842 125.842  0 0 0 0 0 0 
 0.557858 0.0298556   -0.2443 -0.236144 0.18282  -0.0340613 -0.180543 0.31864 0.929899   -0.85144 0.296509 0.751953  0.370789 1.72247 -0.102539   -0.572421 -0.163974 0.649116  0.680891 0.582868 -0.443454 0.500697 -0.812357 -0.298965 -0.5345 -0.0184733 -0.844967   2097.37 2097.37 2097.37 125.842 125.842 125.842  0 0 0 0 0 0 
 0.567853 0.0298556   -0.2443 -0.236144 0.18282  -0.0340613 -0.180543 0.31864 0.929899   -0.775757 0.296509 0.563965  0.271912 1.74744 -0.102539   -0.572424 -0.163983 0.649105  0.680894 0.582878 -0.443437 0.500708 -0.81235 -0.298964 -0.534485 -0.0184694 -0.844976   2097.37 2097.37 2097.37 125.842 125.842 125.842  0 0 0 0 0 0 
 0.577862 0.0298556   -0.2443 -0.236144 0.18282  -0.0340613 -0.180543 0.31864 0.929899   -0.700073 0.296509 1.12793  0.346069 1.64758 -0.102539   -0.572428 -0.163995 0.649091  0.680896 0.582893 -0.443414 0.500723 -0.812339 -0.298968 -0.534469 -0.0184613 -0.844986   2097.37 2097.37 2097.37 125.842 125.842 125.842  0 0 0 0 0 0 
 0.587855 0.0298556   -0.2443 -0.236144 0.18282  -0.0340613 -0.180543 0.31864 0.929899   -0.700073 0.211792 1.12793  0.346069 1.52277 -0.18457   -0.572433 -0.16401 0.649076  0.680897 0.582912 -0.443388 0.500741 -0.812326 -0.298973 -0.53445 -0.0184525 -0.844998   2097.37 2097.37 2097.37 125.842 125.842 125.842  0 0 0 0 0 0 
 0.597839 0.0289206   -0.248139 -0.205994 0.211085  -0.0902852 -0.149659 0.311653 0.933982   -0.775757 0.211792 1.12793  0.444946 1.72247 -0.18457   -0.572439 -0.16403 0.649056  0.680898 0.582937 -0.443354 0.500766 -0.812308 -0.29898 -0.534426 -0.0184417 -0.845014   2297.03 2297.03 2297.03 137.822 137.822 137.822  0 0 0 0 0 0 
 0.607835 0.0289206   -0.248139 -0.205994 0.211085  -0.0902852 -0.149659 0.311653 0.933982   -0.700073 0.232971 1.69189  0.32135 1.42291 -0.102539   -0.572447 -0.164054 0.64903  0.680901 0.582966 -0.44331 0.500795 -0.812287 -0.298988 -0.534395 -0.0184267 -0.845034   2297.03 2297.03 2297.03 137.822 137.822 137.822  0 0 0 0 0 0 
 0.617838 0.0289206   -0.248139 -0.205994 0.211085  -0.0902852 -0.149659 0.311653 0.933982   -0.775757 0.317688 1.50391  0.444946 1.52277 -0.18457   -0.572458 -0.164077 0.648999  0.68091 0.582996 -0.443258 0.500822 -0.812267 -0.298998 -0.534359 -0.0184028 -0.845057   2297.03 2297.03 2297.03 137.822 137.822 137.822  0 0 0 0 0 0 
 0.627835 0.0289206   -0.248139 -0.205994 0.211085  -0.0902852 -0.149659 0.311653 0.933982   -0.700073 0.317688 1.26892  0.519104 1.52277 -0.266602   -0.572473 -0.164102 0.64896  0.680926 0.583027 -0.443192 0.50085 -0.812245 -0.299011 -0.534312 -0.018369 -0.845088   2297.03 2297.03 2297.03 137.822 137.822 137.822  0 0 0 0 0 0 
 0.637836 0.0289206   -0.248139 -0.205994 0.211085  -0.0902852 -0.149659 0.311653 0.933982   -0.775757 0.317688 1.69189  0.543823 1.62262 -0.266602   -0.572494 -0.164131 0.648911  0.680948 0.583064 -0.44311 0.500881 -0.81222 -0.299027 -0.534255 -0.018324 -0.845125   2297.03 2297.03 2297.03 137.822 137.822 137.822  0 0 0 0 0 0 
 0.647835 0.0289206   -0.248139 -0.205994 0.211085  -0.0902852 -0.149659 0.311653 0.933982   -0.62439 0.402405 1.83289  0.543823 1.52277 -0.18457   -0.572517 -0.164162 0.648856  0.680975 0.583103 -0.443017 0.500913 -0.812193 -0.299046 -0.53419 -0.01827 -0.845167   2297.03 2297.03 2297.03 137.822 137.822 137.822  0 0 0 0 0 0 
 0.657804 0.0289206   -0.248139 -0.205994 0.211085  -0.0902852 -0.149659 0.311653 0.933982   -0.491943 0.317688 1.45691  0.6427 1.52277 -0.18457   -0.572545 -0.164194 0.648792  0.681009 0.583144 -0.44291 0.500946 -0.812165 -0.299068 -0.534115 -0.0182059 -0.845216   2297.03 2297.03 2297.03 137.822 137.822 137.822  0 0 0 0 0 0 
 0.667828 0.0289206   -0.248139 -0.205994 0.211085  -0.0902852 -0.149659 0.311653 0.933982   -0.548706 0.402405 1.26892  0.6427 1.39795 -0.266602   -0.57258 -0.164231 0.648716  0.681052 0.583193 -0.44278 0.500984 -0.812132 -0.299095 -0.534026 -0.0181269 -0.845274   2297.03 2297.03 2297.03 137.822 137.822 137.822  0 0 0 0 0 0 
 0.677791 0.0289206   -0.248139 -0.205994 0.211085  -0.0902852 -0.149659 0.311653 0.933982   -0.473022 0.317688 1.83289  0.543823 1.52277 -0.18457   -0.572619 -0.164272 0.64863  0.681101 0.583246 -0.442635 0.501024 -0.812095 -0.299125 -0.533925 -0.0180365 -0.845339   2297.03 2297.03 2297.03 137.822 137.822 137.822  0 0 0 0 0 0 
 0.687821 0.0289206   -0.248139 -0.205994 0.211085  -0.0902852 -0.149659 0.311653 0.933982   -0.41626 0.423584 1.6449  0.716858 1.4978 -0.266602   -0.572661 -0.164314 0.648538  0.681155 0.5833 -0.44248 0.501064 -0.812059 -0.299158 -0.533819 -0.017938 -0.845409   2297.03 2297.03 2297.03 137.822 137.822 137.822  0 0 0 0 0 0 
 0.697847 0.0298082   -0.242354 -0.235565 0.187684  0.297625 -0.68443 -0.653319 0.127084   -0.340576 0.508301 1.78589  0.889893 1.27313 -0.18457   -0.572705 -0.164358 0.648442  0.681212 0.583357 -0.442318 0.501107 -0.81202 -0.299192 -0.533707 -0.0178352 -0.845482   2105.79 2105.79 2105.79 126.347 126.347 126.347  0 0 0 0 0 0 
 0.707839 0.0298082   -0.242354 -0.235565 0.187684  0.297625 -0.68443 -0.653319 0.127084   -0.359497 0.593018 1.97388  0.98877 1.27313 -0.246094   -0.572759 -0.164409 0.648326  0.681281 0.583424 -0.442122 0.501155 -0.811974 -0.299234 -0.533572 -0.0177093 -0.845569   2105.79 2105.79 2105.79 126.347 126.347 126.347  0 0 0 0 0 0 
 0.717831 0.0298082   -0.242354 -0.235565 0.187684  0.297625 -0.68443 -0.653319 0.127084   -0.132446 0.698914 1.78589  1.06293 1.07343 -0.164062   -0.572813 -0.16446 0.648209  0.681353 0.583491 -0.441924 0.501204 -0.811929 -0.299276 -0.533436 -0.0175812 -0.845658   2105.79 2105.79 2105.79 126.347 126.347 126.347  0 0 0 0 0 0 
 0.727859 0.0298082   -0.242354 -0.235565 0.187684  0.297625 -0.68443 -0.653319 0.127084   0.0189209 0.78363 1.78589  1.33484 0.848755 -0.164062   -0.572865 -0.16451 0.648097  0.681419 0.583556 -0.441736 0.50125 -0.811885 -0.299317 -0.533307 -0.0174601 -0.845742   2105.79 2105.79 2105.79 126.347 126.347 126.347  0 0 0 0 0 0 
 0.737856 0.0298082   -0.242354 -0.235565 0.187684  0.297625 -0.68443 -0.653319 0.127084   0.0756836 0.868347 1.73889  1.43372 0.923645 -0.164062   -0.572922 -0.164564 0.647975  0.681492 0.583626 -0.44153 0.501302 -0.811837 -0.299359 -0.533164 -0.0173287 -0.845834   2105.79 2105.79 2105.79 126.347 126.347 126.347  0 0 0 0 0 0 
 0.747834 0.0298082   -0.242354 -0.235565 0.187684  0.297625 -0.68443 -0.653319 0.127084   0.151367 0.80481 2.30286  1.53259 0.923645 -0.164062   -0.572986 -0.164624 0.647838  0.681574 0.583705 -0.441299 0.50136 -0.811784 -0.299409 -0.533006 -0.0171803 -0.845937   2105.79 2105.79 2105.79 126.347 126.347 126.347  0 0 0 0 0 0 
 0.757837 0.0298082   -0.242354 -0.235565 0.187684  0.297625 -0.68443 -0.653319 0.127084   0.227051 0.889526 1.73889  1.55731 1.0235 -0.246094   -0.573049 -0.164685 0.647701  0.681655 0.583784 -0.441069 0.501418 -0.81173 -0.299457 -0.532847 -0.0170328 -0.84604   2105.79 2105.79 2105.79 126.347 126.347 126.347  0 0 0 0 0 0 
 0.767831 0.0298082   -0.242354 -0.235565 0.187684  0.297625 -0.68443 -0.653319 0.127084   0.132446 1.05896 1.73889  1.87866 1.19824 -0.246094   -0.573112 -0.164751 0.647563  0.681732 0.58387 -0.440837 0.501484 -0.811671 -0.299506 -0.532687 -0.0168897 -0.846144   2105.79 2105.79 2105.79 126.347 126.347 126.347  0 0 0 0 0 0 
 0.777864 0.0298082   -0.242354 -0.235565 0.187684  0.297625 -0.68443 -0.653319 0.127084   0.20813 1.22839 1.69189  1.97754 0.998535 -0.164062   -0.573175 -0.164825 0.647419  0.681808 0.583965 -0.440594 0.501559 -0.811606 -0.299556 -0.532519 -0.0167444 -0.846253   2105.79 2105.79 2105.79 126.347 126.347 126.347  0 0 0 0 0 0 
 0.78784 0.0298082   -0.242354 -0.235565 0.187684  0.297625 -0.68443 -0.653319 0.127084   0.340576 1.22839 1.50391  2.24945 0.948608 -0.164062   -0.573236 -0.164898 0.64728  0.68188 0.584058 -0.440359 0.501634 -0.811542 -0.299605 -0.532356 -0.0166043 -0.846357   2105.79 2105.79 2105.79 126.347 126.347 126.347  0 0 0 0 0 0 
 0.797843 0.0301202   -0.242281 -0.241265 0.183944  -0.300415 0.683943 0.652884 -0.125361   0.41626 1.33429 1.69189  2.32361 0.748901 -0.164062   -0.573302 -0.164976 0.64713  0.681956 0.58416 -0.440106 0.501715 -0.811472 -0.299658 -0.532182 -0.0164543 -0.84647   2091.46 2091.46 2091.46 125.488 125.488 125.488  0 0 0 0 0 0 
 0.807831 0.0301202   -0.242281 -0.241265 0.183944  -0.300415 0.683943 0.652884 -0.125361   0.643311 1.16486 1.83289  2.29889 0.649048 -0.164062   -0.573368 -0.165058 0.64698  0.682029 0.584265 -0.439854 0.5018 -0.811399 -0.299713 -0.532009 -0.016306 -0.846582   2091.46 2091.46 2091.46 125.488 125.488 125.488  0 0 0 0 0 0 
 0.817868 0.0301202   -0.242281 -0.241265 0.183944  -0.300415 0.683943 0.652884 -0.125361   0.643311 1.41901 1.45691  2.29889 0.649048 -0.164062   -0.573428 -0.165137 0.64684  0.682095 0.584365 -0.439618 0.501882 -0.81133 -0.299764 -0.531847 -0.0161687 -0.846686   2091.46 2091.46 2091.46 125.488 125.488 125.488  0 0 0 0 0 0 
 0.82786 0.0301202   -0.242281 -0.241265 0.183944  -0.300415 0.683943 0.652884 -0.125361   0.62439 1.33429 1.08093  2.52136 0.723938 -0.246094   -0.573488 -0.165224 0.646695  0.682156 0.584477 -0.439375 0.501978 -0.811252 -0.299814 -0.531678 -0.0160368 -0.846795   2091.46 2091.46 2091.46 125.488 125.488 125.488  0 0 0 0 0 0 
 0.837839 0.0301202   -0.242281 -0.241265 0.183944  -0.300415 0.683943 0.652884 -0.125361   0.700073 1.33429 1.26892  2.52136 0.823792 -0.328125   -0.573545 -0.165318 0.646551  0.68221 0.584595 -0.439133 0.502082 -0.811169 -0.299863 -0.53151 -0.0159114 -0.846903   2091.46 2091.46 2091.46 125.488 125.488 125.488  0 0 0 0 0 0 
 0.847827 0.0301202   -0.242281 -0.241265 0.183944  -0.300415 0.683943 0.652884 -0.125361   0.605469 1.58844 1.26892  2.84271 1.09839 -0.164062   -0.573598 -0.16541 0.646416  0.682256 0.584712 -0.438907 0.502186 -0.811087 -0.299911 -0.531353 -0.015797 -0.847003   2091.46 2091.46 2091.46 125.488 125.488 125.488  0 0 0 0 0 0 
 0.857857 0.0301202   -0.242281 -0.241265 0.183944  -0.300415 0.683943 0.652884 -0.125361   0.681152 1.67316 1.08093  2.86743 1.09839 -0.246094   -0.573652 -0.165508 0.646278  0.6823 0.584834 -0.438675 0.502298 -0.811001 -0.299957 -0.531191 -0.0156844 -0.847107   2091.46 2091.46 2091.46 125.488 125.488 125.488  0 0 0 0 0 0 
 0.867834 0.0301202   -0.242281 -0.241265 0.183944  -0.300415 0.683943 0.652884 -0.125361   0.83252 1.77905 1.6449  2.91687 0.898682 -0.246094   -0.5737 -0.165606 0.646149  0.682333 0.584958 -0.438458 0.502412 -0.810914 -0.300002 -0.53104 -0.0155854 -0.847204   2091.46 2091.46 2091.46 125.488 125.488 125.488  0 0 0 0 0 0 
 0.87783 0.0301202   -0.242281 -0.241265 0.183944  -0.300415 0.683943 0.652884 -0.125361   0.83252 1.69434 1.5979  3.01575 0.798828 -0.246094   -0.573746 -0.165717 0.64602  0.682353 0.585096 -0.438243 0.502545 -0.810816 -0.300045 -0.530889 -0.0154999 -0.8473   2091.46 2091.46 2091.46 125.488 125.488 125.488  0 0 0 0 0 0 
 0.887837 0.0301202   -0.242281 -0.241265 0.183944  -0.300415 0.683943 0.652884 -0.125361   0.83252 1.77905 1.08093  3.16406 0.973572 -0.164062   -0.573792 -0.165839 0.645891  0.68236 0.585249 -0.438028 0.502692 -0.810707 -0.300092 -0.530741 -0.0154229 -0.847394   2091.46 2091.46 2091.46 125.488 125.488 125.488  0 0 0 0 0 0 
 0.897854 0.0303086   -0.242636 -0.24403 0.182297  -0.0543223 -0.172203 0.331215 0.926116   0.908203 1.69434 1.45691  2.94159 0.898682 -0.328125   -0.57383 -0.165956 0.645781  0.682352 0.585395 -0.437845 0.502832 -0.810602 -0.30014 -0.530619 -0.0153613 -0.847471   2091.26 2091.26 2091.26 125.476 125.476 125.476  0 0 0 0 0 0 
 0.907829 0.0303086   -0.242636 -0.24403 0.182297  -0.0543223 -0.172203 0.331215 0.926116   0.889282 1.77905 1.40991  3.23822 0.873718 -0.225586   -0.573867 -0.166083 0.645672  0.682331 0.585555 -0.437665 0.502987 -0.810488 -0.300188 -0.530499 -0.0153119 -0.847547   2091.26 2091.26 2091.26 125.476 125.476 125.476  0 0 0 0 0 0 
 0.917837 0.0303086   -0.242636 -0.24403 0.182297  -0.0543223 -0.172203 0.331215 0.926116   0.964966 1.86377 1.03394  3.3371 0.873718 -0.328125   -0.573904 -0.166224 0.64556  0.682296 0.585732 -0.437483 0.503161 -0.810361 -0.300239 -0.530378 -0.0152729 -0.847623   2091.26 2091.26 2091.26 125.476 125.476 125.476  0 0 0 0 0 0 
 0.927832 0.0303086   -0.242636 -0.24403 0.182297  -0.0543223 -0.172203 0.331215 0.926116   1.02173 2.05438 1.22192  3.60901 0.748901 -0.225586   -0.573934 -0.16636 0.645472  0.682241 0.585901 -0.437341 0.503327 -0.810239 -0.30029 -0.530291 -0.0152554 -0.847678   2091.26 2091.26 2091.26 125.476 125.476 125.476  0 0 0 0 0 0 
 0.93783 0.0303086   -0.242636 -0.24403 0.182297  -0.0543223 -0.172203 0.331215 0.926116   1.1731 2.05438 0.986938  3.70789 0.624084 -0.307617   -0.573959 -0.16651 0.645392  0.682161 0.586089 -0.437214 0.503515 -0.810103 -0.300343 -0.530216 -0.0152608 -0.847725   2091.26 2091.26 2091.26 125.476 125.476 125.476  0 0 0 0 0 0 
 0.947859 0.0303086   -0.242636 -0.24403 0.182297  -0.0543223 -0.172203 0.331215 0.926116   1.22986 2.245 0.986938  3.90564 0.624084 -0.307617   -0.573986 -0.166674 0.645307  0.68207 0.586294 -0.437082 0.503724 -0.809954 -0.300393 -0.530135 -0.0152794 -0.847776   2091.26 2091.26 2091.26 125.476 125.476 125.476  0 0 0 0 0 0 
 0.95784 0.0303086   -0.242636 -0.24403 0.182297  -0.0543223 -0.172203 0.331215 0.926116   1.24878 2.05438 0.986938  3.90564 0.698975 -0.225586   -0.574006 -0.166844 0.645241  0.681951 0.586507 -0.436981 0.503941 -0.809799 -0.300447 -0.530081 -0.0153225 -0.847809   2091.26 2091.26 2091.26 125.476 125.476 125.476  0 0 0 0 0 0 
 0.967863 0.0303086   -0.242636 -0.24403 0.182297  -0.0543223 -0.172203 0.331215 0.926116   1.1731 2.1391 1.5509  3.7326 0.823792 -0.225586   -0.574021 -0.16702 0.645186  0.681813 0.586727 -0.436901 0.504164 -0.809639 -0.300507 -0.530047 -0.0153803 -0.847829   2091.26 2091.26 2091.26 125.476 125.476 125.476  0 0 0 0 0 0 
 0.977833 0.0303086   -0.242636 -0.24403 0.182297  -0.0543223 -0.172203 0.331215 0.926116   1.15417 2.1391 0.986938  3.83148 0.823792 -0.307617   -0.574036 -0.16721 0.645128  0.681663 0.586964 -0.436817 0.504407 -0.809466 -0.300563 -0.530008 -0.0154504 -0.847852   2091.26 2091.26 2091.26 125.476 125.476 125.476  0 0 0 0 0 0 
 0.987827 0.0303086   -0.242636 -0.24403 0.182297  -0.0543223 -0.172203 0.331215 0.926116   1.15417 2.22382 1.36292  3.83148 0.823792 -0.307617   -0.574049 -0.167403 0.64508  0.681499 0.587206 -0.436748 0.504653 -0.809289 -0.300629 -0.529986 -0.0155279 -0.847864   2091.26 2091.26 2091.26 125.476 125.476 125.476  0 0 0 0 0 0 
 0.997833 0.030603   -0.246604 -0.246238 0.176106  -0.18652 0.622817 -0.675441 0.347979   1.22986 2.22382 1.73889  3.95508 0.923645 -0.307617   -0.574057 -0.167603 0.64505  0.681308 0.587457 -0.436708 0.504902 -0.809104 -0.300705 -0.529994 -0.0156219 -0.847858   2104.55 2104.55 2104.55 126.273 126.273 126.273  0 0 0 0 0 0 
 1.00786 0.030603   -0.246604 -0.246238 0.176106  -0.18652 0.622817 -0.675441 0.347979   1.30554 2.32971 1.5509  3.9798 0.599121 -0.307617   -0.574064 -0.167815 0.645026  0.681096 0.587724 -0.436678 0.505166 -0.808908 -0.30079 -0.530014 -0.0157284 -0.847843   2104.55 2104.55 2104.55 126.273 126.273 126.273  0 0 0 0 0 0 
 1.01783 0.030603   -0.246604 -0.246238 0.176106  -0.18652 0.622817 -0.675441 0.347979   1.51367 2.32971 1.31592  4.17755 0.474304 -0.307617   -0.574073 -0.168032 0.645005  0.680873 0.587999 -0.436657 0.505434 -0.808707 -0.300882 -0.530046 -0.0158392 -0.847821   2104.55 2104.55 2104.55 126.273 126.273 126.273  0 0 0 0 0 0 
 1.02787 0.030603   -0.246604 -0.246238 0.176106  -0.18652 0.622817 -0.675441 0.347979   1.58936 2.43561 1.87988  4.25171 0.374451 -0.389648   -0.574083 -0.16826 0.64499  0.68063 0.588287 -0.436647 0.505715 -0.808494 -0.30098 -0.530089 -0.0159635 -0.847791   2104.55 2104.55 2104.55 126.273 126.273 126.273  0 0 0 0 0 0 
 1.03784 0.030603   -0.246604 -0.246238 0.176106  -0.18652 0.622817 -0.675441 0.347979   1.51367 2.32971 1.50391  4.17755 0.499268 -0.389648   -0.574091 -0.1685 0.644991  0.680354 0.588592 -0.436667 0.50601 -0.80827 -0.301087 -0.530162 -0.0161124 -0.847743   2104.55 2104.55 2104.55 126.273 126.273 126.273  0 0 0 0 0 0 
 1.04784 0.030603   -0.246604 -0.246238 0.176106  -0.18652 0.622817 -0.675441 0.347979   1.43799 2.32971 1.87988  4.30115 0.574158 -0.389648   -0.574099 -0.168744 0.645002  0.680062 0.588903 -0.436704 0.506307 -0.80804 -0.301204 -0.530254 -0.016269 -0.847683   2104.55 2104.55 2104.55 126.273 126.273 126.273  0 0 0 0 0 0 
 1.05787 0.030603   -0.246604 -0.246238 0.176106  -0.18652 0.622817 -0.675441 0.347979   1.43799 2.41443 1.69189  4.20227 0.599121 -0.389648   -0.574108 -0.168996 0.64502  0.679749 0.589224 -0.436757 0.506616 -0.807802 -0.301325 -0.530361 -0.0164427 -0.847613   2104.55 2104.55 2104.55 126.273 126.273 126.273  0 0 0 0 0 0 
 1.06781 0.030603   -0.246604 -0.246238 0.176106  -0.18652 0.622817 -0.675441 0.347979   1.41907 2.49915 1.31592  4.40002 0.574158 -0.389648   -0.574117 -0.169255 0.645048  0.679421 0.589556 -0.43682 0.506919 -0.807557 -0.301471 -0.530491 -0.0166071 -0.847528   2104.55 2104.55 2104.55 126.273 126.273 126.273  0 0 0 0 0 0 
 1.07786 0.030603   -0.246604 -0.246238 0.176106  -0.18652 0.622817 -0.675441 0.347979   1.58936 2.52032 1.87988  4.35059 0.274597 -0.389648   -0.574129 -0.169515 0.645085  0.679082 0.589892 -0.436893 0.507212 -0.807308 -0.301643 -0.530644 -0.016757 -0.847429   2104.55 2104.55 2104.55 126.273 126.273 126.273  0 0 0 0 0 0 
 1.08785 0.030603   -0.246604 -0.246238 0.176106  -0.18652 0.622817 -0.675441 0.347979   1.87317 2.68976 1.45691  4.57306 0.349487 -0.389648   -0.574142 -0.169779 0.645127  0.678737 0.590233 -0.436969 0.5075 -0.807056 -0.301835 -0.530812 -0.0168955 -0.847321   2104.55 2104.55 2104.55 126.273 126.273 126.273  0 0 0 0 0 0 
 1.09787 0.0306741   -0.249284 -0.24465 0.175418  0.0467748 0.179744 -0.316606 -0.930196   1.74072 2.60504 1.50391  4.37531 0.274597 -0.389648   -0.574156 -0.170053 0.645174  0.678372 0.590587 -0.437055 0.507792 -0.806794 -0.302044 -0.530997 -0.017035 -0.847202   2131.37 2131.37 2131.37 127.882 127.882 127.882  0 0 0 0 0 0 
 1.10783 0.0306741   -0.249284 -0.24465 0.175418  0.0467748 0.179744 -0.316606 -0.930196   1.81641 2.43561 1.31592  4.44946 0.274597 -0.47168   -0.57417 -0.170323 0.645222  0.678011 0.590939 -0.437142 0.508076 -0.806534 -0.302261 -0.531188 -0.0171646 -0.84708   2131.37 2131.37 2131.37 127.882 127.882 127.882  0 0 0 0 0 0 
 1.11779 0.0306741   -0.249284 -0.24465 0.175418  0.0467748 0.179744 -0.316606 -0.930196   1.87317 2.60504 1.45691  4.54834 0.249634 -0.389648   -0.574182 -0.170596 0.645289  0.677626 0.591294 -0.437258 0.508351 -0.806271 -0.302501 -0.531415 -0.0172978 -0.846935   2131.37 2131.37 2131.37 127.882 127.882 127.882  0 0 0 0 0 0 
 1.12783 0.0306741   -0.249284 -0.24465 0.175418  0.0467748 0.179744 -0.316606 -0.930196   1.74072 2.43561 1.50391  4.25171 0.374451 -0.47168   -0.574199 -0.170878 0.645357  0.677227 0.591662 -0.437379 0.508631 -0.805998 -0.302757 -0.531656 -0.0174288 -0.846781   2131.37 2131.37 2131.37 127.882 127.882 127.882  0 0 0 0 0 0 
 1.13784 0.0306741   -0.249284 -0.24465 0.175418  0.0467748 0.179744 -0.316606 -0.930196   1.81641 2.52032 1.69189  4.35059 0.374451 -0.47168   -0.574223 -0.171157 0.645424  0.676832 0.592028 -0.437494 0.5089 -0.805726 -0.303028 -0.531902 -0.0175417 -0.846624   2131.37 2131.37 2131.37 127.882 127.882 127.882  0 0 0 0 0 0 
 1.14784 0.0306741   -0.249284 -0.24465 0.175418  0.0467748 0.179744 -0.316606 -0.930196   1.81641 2.43561 1.87988  4.35059 0.274597 -0.47168   -0.574248 -0.171433 0.645498  0.676432 0.592391 -0.43762 0.509161 -0.805457 -0.303306 -0.53216 -0.0176534 -0.84646   2131.37 2131.37 2131.37 127.882 127.882 127.882  0 0 0 0 0 0 
 1.15789 0.0306741   -0.249284 -0.24465 0.175418  0.0467748 0.179744 -0.316606 -0.930196   1.87317 2.5415 2.02087  4.52362 0.14978 -0.389648   -0.574271 -0.171712 0.645583  0.676017 0.592759 -0.437765 0.509422 -0.805184 -0.303592 -0.532439 -0.0177736 -0.846282   2131.37 2131.37 2131.37 127.882 127.882 127.882  0 0 0 0 0 0 
 1.16786 0.0306741   -0.249284 -0.24465 0.175418  0.0467748 0.179744 -0.316606 -0.930196   1.94885 2.71094 1.83289  4.64722 0.249634 -0.389648   -0.5743 -0.172003 0.645656  0.675602 0.593143 -0.437886 0.509699 -0.804899 -0.303884 -0.5327 -0.0178856 -0.846115   2131.37 2131.37 2131.37 127.882 127.882 127.882  0 0 0 0 0 0 
