 TimeStamp manip.manip_measure_out_port manip.force_transmission_out_port tt.outport_grip.position.x tt.outport_grip.position.y tt.outport_grip.position.z tt.outport_grip.orientation.x tt.outport_grip.orientation.y tt.outport_grip.orientation.z tt.outport_grip.orientation.w jr3.ForceTorqueOutputPort.forces.0 jr3.ForceTorqueOutputPort.forces.1 jr3.ForceTorqueOutputPort.forces.2 jr3.ForceTorqueOutputPort.torques.0 jr3.ForceTorqueOutputPort.torques.1 jr3.ForceTorqueOutputPort.torques.2 test.cart_pose_loop_out_port.p.X test.cart_pose_loop_out_port.p.Y test.cart_pose_loop_out_port.p.Z test.cart_pose_loop_out_port.M.X_x test.cart_pose_loop_out_port.M.X_y test.cart_pose_loop_out_port.M.X_z test.cart_pose_loop_out_port.M.Y_x test.cart_pose_loop_out_port.M.Y_y test.cart_pose_loop_out_port.M.Y_z test.cart_pose_loop_out_port.M.Z_x test.cart_pose_loop_out_port.M.Z_y test.cart_pose_loop_out_port.M.Z_z stiff.cart_stiffdamp_out_port.stiffness.0 stiff.cart_stiffdamp_out_port.stiffness.1 stiff.cart_stiffdamp_out_port.stiffness.2 stiff.cart_stiffdamp_out_port.stiffness.3 stiff.cart_stiffdamp_out_port.stiffness.4 stiff.cart_stiffdamp_out_port.stiffness.5 stiff.cart_stiffdamp_out_port.damping.0 stiff.cart_stiffdamp_out_port.damping.1 stiff.cart_stiffdamp_out_port.damping.2 stiff.cart_stiffdamp_out_port.damping.3 stiff.cart_stiffdamp_out_port.damping.4 stiff.cart_stiffdamp_out_port.damping.5
 4.74e-07 0.0194832 0.0281186   -0.0445087 -0.227269 0.235036  -0.596629 0.748863 -0.171207 0.23222   4.23828 -4.6806 7.09656  3.7326 2.57123 -0.348633   -0.587303 -0.126795 0.60654  0.388655 0.847836 -0.360723 0.758064 -0.516773 -0.39785 -0.523723 -0.118825 -0.843561   222.29 222.29 222.29 13.3374 13.3374 13.3374  0 0 0 0 0 0 
 0.0175223 0.0194832 0.0281186   -0.0445087 -0.227269 0.235036  -0.596629 0.748863 -0.171207 0.23222   4.23828 -4.59589 6.72058  3.63373 2.49634 -0.430664   -0.5873 -0.126812 0.606539  0.388631 0.847848 -0.360722 0.75808 -0.51675 -0.397848 -0.523718 -0.11884 -0.843562   222.29 222.29 222.29 13.3374 13.3374 13.3374  0 0 0 0 0 0 
 0.0274927 0.0194832 0.0281186   -0.0445087 -0.227269 0.235036  -0.596629 0.748863 -0.171207 0.23222   4.21936 -4.48999 6.72058  3.83148 2.57123 -0.512695   -0.587299 -0.126821 0.606537  0.38862 0.847854 -0.360718 0.758089 -0.516739 -0.397847 -0.523714 -0.118845 -0.843564   222.29 222.29 222.29 13.3374 13.3374 13.3374  0 0 0 0 0 0 
 0.0374783 0.0194832 0.0281186   -0.0445087 -0.227269 0.235036  -0.596629 0.748863 -0.171207 0.23222   4.29504 -4.40527 6.90857  3.88092 2.37152 -0.512695   -0.587299 -0.126831 0.606533  0.38861 0.847861 -0.360713 0.758098 -0.516727 -0.397845 -0.523708 -0.118849 -0.843567   222.29 222.29 222.29 13.3374 13.3374 13.3374  0 0 0 0 0 0 
 0.0474983 0.0194832 0.0281186   -0.0445087 -0.227269 0.235036  -0.596629 0.748863 -0.171207 0.23222   4.52209 -4.38409 7.04956  3.8562 2.17181 -0.348633   -0.5873 -0.12684 0.606528  0.388601 0.847868 -0.360707 0.758107 -0.516715 -0.397843 -0.523701 -0.118852 -0.843571   222.29 222.29 222.29 13.3374 13.3374 13.3374  0 0 0 0 0 0 
 0.0575236 0.0194832 0.0281186   -0.0445087 -0.227269 0.235036  -0.596629 0.748863 -0.171207 0.23222   4.82483 -4.38409 6.86157  4.00452 1.84729 -0.348633   -0.587303 -0.126844 0.606521  0.388603 0.847871 -0.360697 0.758113 -0.516711 -0.397838 -0.523691 -0.118848 -0.843577   222.29 222.29 222.29 13.3374 13.3374 13.3374  0 0 0 0 0 0 
 0.0674955 0.0194832 0.0281186   -0.0445087 -0.227269 0.235036  -0.596629 0.748863 -0.171207 0.23222   5.0708 -4.53235 6.67358  3.78204 1.67255 -0.348633   -0.587306 -0.126846 0.606513  0.388606 0.847874 -0.360686 0.758117 -0.516707 -0.397835 -0.523683 -0.118841 -0.843584   222.29 222.29 222.29 13.3374 13.3374 13.3374  0 0 0 0 0 0 
 0.0775015 0.0194832 0.0281186   -0.0447172 -0.227286 0.235039  -0.0940868 -0.274001 0.312265 0.904744   5.14648 -4.53235 6.86157  3.78204 1.67255 -0.430664   -0.587311 -0.126849 0.606505  0.388611 0.847877 -0.360674 0.758121 -0.516704 -0.397832 -0.523674 -0.118832 -0.84359   222.29 222.29 222.29 13.3374 13.3374 13.3374  0 0 0 0 0 0 
 0.0875019 0.0194899 0.0282534   -0.0447172 -0.227286 0.235039  -0.0940868 -0.274001 0.312265 0.904744   5.0708 -4.61707 7.04956  3.78204 1.67255 -0.430664   -0.587314 -0.126848 0.606499  0.388618 0.847878 -0.360664 0.758121 -0.516704 -0.397831 -0.523669 -0.118823 -0.843595   223.712 223.712 223.712 13.4227 13.4227 13.4227  0 0 0 0 0 0 
 0.0975331 0.0194899 0.0282534   -0.0447172 -0.227286 0.235039  -0.0940868 -0.274001 0.312265 0.904744   5.0708 -4.61707 6.86157  3.55957 1.59766 -0.512695   -0.587317 -0.126847 0.606495  0.388623 0.847879 -0.360658 0.758121 -0.516706 -0.39783 -0.523665 -0.118816 -0.843598   223.712 223.712 223.712 13.4227 13.4227 13.4227  0 0 0 0 0 0 
 0.107501 0.0194899 0.0282534   -0.0447172 -0.227286 0.235039  -0.0940868 -0.274001 0.312265 0.904744   5.0708 -4.61707 6.67358  3.78204 1.67255 -0.512695   -0.587319 -0.126846 0.606495  0.388624 0.847878 -0.360657 0.758118 -0.516707 -0.397833 -0.523668 -0.118813 -0.843596   223.712 223.712 223.712 13.4227 13.4227 13.4227  0 0 0 0 0 0 
 0.117494 0.0194899 0.0282534   -0.0447172 -0.227286 0.235039  -0.0940868 -0.274001 0.312265 0.904744   5.12756 -4.53235 6.67358  3.90564 1.7724 -0.512695   -0.587319 -0.126847 0.606498  0.388621 0.847879 -0.36066 0.758116 -0.516706 -0.397838 -0.523673 -0.118814 -0.843593   223.712 223.712 223.712 13.4227 13.4227 13.4227  0 0 0 0 0 0 
 0.127495 0.0194899 0.0282534   -0.0447172 -0.227286 0.235039  -0.0940868 -0.274001 0.312265 0.904744   4.9762 -4.44763 6.29761  3.90564 1.87225 -0.512695   -0.587319 -0.126848 0.606506  0.388611 0.84788 -0.360668 0.758112 -0.516703 -0.397849 -0.523686 -0.118818 -0.843584   223.712 223.712 223.712 13.4227 13.4227 13.4227  0 0 0 0 0 0 
 0.1375 0.0194899 0.0282534   -0.0447172 -0.227286 0.235039  -0.0940868 -0.274001 0.312265 0.904744   5.10864 -4.19348 6.62659  4.20227 1.84729 -0.430664   -0.587319 -0.126853 0.606519  0.388591 0.847883 -0.360681 0.758107 -0.516695 -0.39787 -0.523709 -0.118826 -0.843569   223.712 223.712 223.712 13.4227 13.4227 13.4227  0 0 0 0 0 0 
 0.147511 0.0194899 0.0282534   -0.0447172 -0.227286 0.235039  -0.0940868 -0.274001 0.312265 0.904744   5.01404 -3.93933 6.62659  4.44946 2.02203 -0.348633   -0.58732 -0.126863 0.60654  0.388555 0.847892 -0.3607 0.758099 -0.516679 -0.397906 -0.523747 -0.118838 -0.843544   223.712 223.712 223.712 13.4227 13.4227 13.4227  0 0 0 0 0 0 
 0.157521 0.0194899 0.0282534   -0.0447172 -0.227286 0.235039  -0.0940868 -0.274001 0.312265 0.904744   4.93835 -3.7699 6.62659  4.54834 2.12189 -0.348633   -0.587322 -0.126875 0.606567  0.388509 0.847901 -0.360727 0.758087 -0.51666 -0.397953 -0.523798 -0.118854 -0.84351   223.712 223.712 223.712 13.4227 13.4227 13.4227  0 0 0 0 0 0 
 0.167482 0.0194899 0.0282534   -0.0447172 -0.227286 0.235039  -0.0940868 -0.274001 0.312265 0.904744   4.86267 -3.68518 6.25061  4.64722 2.09692 -0.348633   -0.587326 -0.126891 0.606605  0.388448 0.847915 -0.36076 0.758071 -0.516633 -0.398019 -0.523867 -0.118872 -0.843465   223.712 223.712 223.712 13.4227 13.4227 13.4227  0 0 0 0 0 0 
 0.177495 0.0194899 0.0282534   -0.0446036 -0.227285 0.234679  0.595902 -0.750519 0.174781 -0.225994   4.84375 -3.60046 6.4386  4.84497 2.07196 -0.348633   -0.58733 -0.126915 0.606649  0.388369 0.847934 -0.360801 0.758056 -0.516595 -0.398096 -0.523948 -0.118899 -0.843411   223.712 223.712 223.712 13.4227 13.4227 13.4227  0 0 0 0 0 0 
 0.187535 0.0194668 0.0281518   -0.0446036 -0.227285 0.234679  0.595902 -0.750519 0.174781 -0.225994   4.91943 -3.60046 6.62659  4.77081 2.19678 -0.348633   -0.587333 -0.126946 0.606703  0.388269 0.847959 -0.360849 0.75804 -0.516546 -0.39819 -0.524045 -0.118933 -0.843346   222.64 222.64 222.64 13.3584 13.3584 13.3584  0 0 0 0 0 0 
 0.197499 0.0194668 0.0281518   -0.0446036 -0.227285 0.234679  0.595902 -0.750519 0.174781 -0.225994   4.99512 -3.43103 6.4386  4.77081 2.19678 -0.348633   -0.587336 -0.126983 0.606765  0.388152 0.847989 -0.360906 0.758022 -0.516488 -0.3983 -0.524158 -0.118974 -0.84327   222.64 222.64 222.64 13.3584 13.3584 13.3584  0 0 0 0 0 0 
 0.207498 0.0194668 0.0281518   -0.0446036 -0.227285 0.234679  0.595902 -0.750519 0.174781 -0.225994   5.0708 -3.43103 6.20361  5.04272 2.07196 -0.266602   -0.58734 -0.127027 0.606839  0.388013 0.848023 -0.360974 0.758001 -0.51642 -0.398428 -0.524291 -0.119023 -0.84318   222.64 222.64 222.64 13.3584 13.3584 13.3584  0 0 0 0 0 0 
 0.217532 0.0194668 0.0281518   -0.0446036 -0.227285 0.234679  0.595902 -0.750519 0.174781 -0.225994   5.22217 -3.43103 6.57959  5.04272 2.07196 -0.246094   -0.587344 -0.12708 0.606926  0.38785 0.848065 -0.361052 0.757976 -0.516339 -0.39858 -0.524447 -0.119079 -0.843075   222.64 222.64 222.64 13.3584 13.3584 13.3584  0 0 0 0 0 0 
 0.227503 0.0194668 0.0281518   -0.0446036 -0.227285 0.234679  0.595902 -0.750519 0.174781 -0.225994   5.27893 -3.1557 6.3916  5.06744 2.07196 -0.246094   -0.587349 -0.127144 0.607024  0.387655 0.848116 -0.361141 0.757953 -0.516239 -0.398755 -0.524625 -0.119148 -0.842955   222.64 222.64 222.64 13.3584 13.3584 13.3584  0 0 0 0 0 0 
 0.237496 0.0194668 0.0281518   -0.0446036 -0.227285 0.234679  0.595902 -0.750519 0.174781 -0.225994   5.27893 -2.98627 6.01562  5.2652 2.047 -0.246094   -0.587354 -0.127219 0.607135  0.387434 0.848173 -0.361244 0.757929 -0.516126 -0.398945 -0.524822 -0.119232 -0.84282   222.64 222.64 222.64 13.3584 13.3584 13.3584  0 0 0 0 0 0 
 0.247538 0.0194668 0.0281518   -0.0446036 -0.227285 0.234679  0.595902 -0.750519 0.174781 -0.225994   5.10864 -2.90155 6.20361  5.46295 2.02203 -0.246094   -0.587359 -0.127304 0.607252  0.387187 0.848238 -0.361356 0.75791 -0.515996 -0.399149 -0.525032 -0.11933 -0.842675   222.64 222.64 222.64 13.3584 13.3584 13.3584  0 0 0 0 0 0 
 0.257519 0.0194668 0.0281518   -0.0446036 -0.227285 0.234679  0.595902 -0.750519 0.174781 -0.225994   5.18433 -2.83801 6.20361  5.46295 2.22174 -0.164062   -0.587364 -0.127403 0.607378  0.38691 0.848312 -0.361481 0.757898 -0.515849 -0.399363 -0.525253 -0.119448 -0.842521   222.64 222.64 222.64 13.3584 13.3584 13.3584  0 0 0 0 0 0 
 0.267567 0.0194668 0.0281518   -0.0446036 -0.227285 0.234679  0.595902 -0.750519 0.174781 -0.225994   5.01404 -2.7533 6.01562  5.61127 2.42145 -0.246094   -0.58737 -0.127516 0.60752  0.386592 0.848395 -0.361624 0.757887 -0.515679 -0.399603 -0.525503 -0.119586 -0.842345   222.64 222.64 222.64 13.3584 13.3584 13.3584  0 0 0 0 0 0 
 0.277509 0.0194668 0.0281518   -0.0437228 -0.22773 0.233685  -0.597217 0.748839 -0.174066 0.228632   5.18433 -2.81683 6.53259  5.66071 2.12189 -0.164062   -0.587376 -0.127637 0.607673  0.38625 0.848483 -0.361782 0.757876 -0.515498 -0.399858 -0.52577 -0.119741 -0.842156   222.64 222.64 222.64 13.3584 13.3584 13.3584  0 0 0 0 0 0 
 0.287513 0.0194411 0.0275199   -0.0437228 -0.22773 0.233685  -0.597217 0.748839 -0.174066 0.228632   5.10864 -2.83801 6.72058  5.80902 2.29663 -0.0820312   -0.587385 -0.127775 0.60784  0.385866 0.848582 -0.361961 0.75787 -0.515293 -0.400132 -0.526061 -0.119923 -0.841949   215.972 215.972 215.972 12.9583 12.9583 12.9583  0 0 0 0 0 0 
 0.297501 0.0194411 0.0275199   -0.0437228 -0.22773 0.233685  -0.597217 0.748839 -0.174066 0.228632   5.16541 -2.7533 6.53259  5.68542 2.22174 -0.0820312   -0.587395 -0.127921 0.608016  0.385455 0.848686 -0.362156 0.757866 -0.515076 -0.40042 -0.526369 -0.120121 -0.841728   215.972 215.972 215.972 12.9583 12.9583 12.9583  0 0 0 0 0 0 
 0.307505 0.0194411 0.0275199   -0.0437228 -0.22773 0.233685  -0.597217 0.748839 -0.174066 0.228632   5.24109 -2.47797 6.15662  5.88318 2.19678 -0.164062   -0.587407 -0.128081 0.608203  0.385011 0.848799 -0.362364 0.757867 -0.514839 -0.400723 -0.526692 -0.120341 -0.841495   215.972 215.972 215.972 12.9583 12.9583 12.9583  0 0 0 0 0 0 
 0.317508 0.0194411 0.0275199   -0.0437228 -0.22773 0.233685  -0.597217 0.748839 -0.174066 0.228632   5.37354 -2.39325 6.53259  5.95734 1.99707 -0.164062   -0.587419 -0.128253 0.6084  0.384532 0.848919 -0.362591 0.757873 -0.514583 -0.401039 -0.527033 -0.120585 -0.841247   215.972 215.972 215.972 12.9583 12.9583 12.9583  0 0 0 0 0 0 
 0.327497 0.0194411 0.0275199   -0.0437228 -0.22773 0.233685  -0.597217 0.748839 -0.174066 0.228632   5.24109 -2.47797 6.53259  5.85846 1.99707 -0.0820312   -0.58743 -0.128439 0.608604  0.384026 0.849045 -0.362832 0.757887 -0.514312 -0.401361 -0.527382 -0.120852 -0.840989   215.972 215.972 215.972 12.9583 12.9583 12.9583  0 0 0 0 0 0 
 0.3375 0.0194411 0.0275199   -0.0437228 -0.22773 0.233685  -0.597217 0.748839 -0.174066 0.228632   5.24109 -2.47797 6.53259  5.85846 2.09692 -0.164062   -0.58744 -0.128634 0.608815  0.383495 0.849178 -0.363082 0.757904 -0.514027 -0.401694 -0.527743 -0.121134 -0.840722   215.972 215.972 215.972 12.9583 12.9583 12.9583  0 0 0 0 0 0 
 0.347501 0.0194411 0.0275199   -0.0437228 -0.22773 0.233685  -0.597217 0.748839 -0.174066 0.228632   5.01404 -2.49915 6.57959  5.68542 2.22174 -0.164062   -0.58745 -0.128842 0.609045  0.382925 0.849321 -0.363349 0.75792 -0.51372 -0.402057 -0.528135 -0.121432 -0.840433   215.972 215.972 215.972 12.9583 12.9583 12.9583  0 0 0 0 0 0 
 0.357508 0.0194411 0.0275199   -0.0437228 -0.22773 0.233685  -0.597217 0.748839 -0.174066 0.228632   5.01404 -2.58386 6.95557  5.58655 2.22174 -0.164062   -0.587461 -0.129066 0.609292  0.382314 0.849475 -0.363633 0.757936 -0.51339 -0.402448 -0.528554 -0.121749 -0.840123   215.972 215.972 215.972 12.9583 12.9583 12.9583  0 0 0 0 0 0 
 0.367512 0.0194411 0.0275199   -0.0437228 -0.22773 0.233685  -0.597217 0.748839 -0.174066 0.228632   5.16541 -2.56268 6.72058  5.66071 2.22174 -0.246094   -0.587472 -0.129307 0.609546  0.381668 0.84964 -0.363926 0.75796 -0.513037 -0.402851 -0.528986 -0.122086 -0.839803   215.972 215.972 215.972 12.9583 12.9583 12.9583  0 0 0 0 0 0 
 0.377476 0.0194411 0.0275199   -0.0419616 -0.22914 0.231237  -0.090108 -0.278308 0.312589 0.903722   5.08972 -2.58386 6.57959  5.58655 2.32159 -0.246094   -0.587487 -0.12956 0.60981  0.380992 0.849814 -0.364227 0.757983 -0.512666 -0.40328 -0.52944 -0.122431 -0.839466   215.972 215.972 215.972 12.9583 12.9583 12.9583  0 0 0 0 0 0 
 0.387521 0.0194238 0.0262443   -0.0419616 -0.22914 0.231237  -0.090108 -0.278308 0.312589 0.903722   5.46814 -2.5415 6.90857  5.61127 1.72247 -0.246094   -0.587502 -0.129816 0.610074  0.380313 0.84999 -0.364525 0.758008 -0.512291 -0.403711 -0.529893 -0.122777 -0.83913   202.512 202.512 202.512 12.1507 12.1507 12.1507  0 0 0 0 0 0 
 0.397525 0.0194238 0.0262443   -0.0419616 -0.22914 0.231237  -0.090108 -0.278308 0.312589 0.903722   5.24109 -2.47797 7.28455  5.53711 1.82233 -0.246094   -0.587516 -0.13008 0.61036  0.379602 0.850175 -0.364836 0.75802 -0.511901 -0.404182 -0.530386 -0.123125 -0.838768   202.512 202.512 202.512 12.1507 12.1507 12.1507  0 0 0 0 0 0 
 0.407493 0.0194238 0.0262443   -0.0419616 -0.22914 0.231237  -0.090108 -0.278308 0.312589 0.903722   5.16541 -2.47797 6.95557  5.56183 2.02203 -0.246094   -0.587532 -0.130365 0.610664  0.378846 0.850376 -0.365152 0.758027 -0.511482 -0.404699 -0.530915 -0.123476 -0.838381   202.512 202.512 202.512 12.1507 12.1507 12.1507  0 0 0 0 0 0 
 0.417521 0.0194238 0.0262443   -0.0419616 -0.22914 0.231237  -0.090108 -0.278308 0.312589 0.903722   5.03296 -2.66858 7.14355  5.33936 1.94714 -0.164062   -0.587552 -0.130661 0.610969  0.378073 0.850589 -0.365459 0.758036 -0.511045 -0.405233 -0.531453 -0.123824 -0.837989   202.512 202.512 202.512 12.1507 12.1507 12.1507  0 0 0 0 0 0 
 0.427512 0.0194238 0.0262443   -0.0419616 -0.22914 0.231237  -0.090108 -0.278308 0.312589 0.903722   5.26001 -2.73212 7.33154  5.11688 1.87225 -0.246094   -0.587578 -0.130958 0.611281  0.377293 0.850805 -0.365761 0.758033 -0.510604 -0.405795 -0.532011 -0.124156 -0.837586   202.512 202.512 202.512 12.1507 12.1507 12.1507  0 0 0 0 0 0 
 0.437504 0.0194238 0.0262443   -0.0419616 -0.22914 0.231237  -0.090108 -0.278308 0.312589 0.903722   5.48706 -2.88037 7.28455  5.2652 1.54773 -0.328125   -0.587609 -0.131256 0.611593  0.376515 0.851023 -0.366057 0.758024 -0.510163 -0.406365 -0.532575 -0.124477 -0.83718   202.512 202.512 202.512 12.1507 12.1507 12.1507  0 0 0 0 0 0 
 0.447497 0.0194238 0.0262443   -0.0419616 -0.22914 0.231237  -0.090108 -0.278308 0.312589 0.903722   5.03296 -2.81683 7.14355  5.11688 1.7724 -0.328125   -0.587639 -0.131572 0.611914  0.375698 0.851255 -0.366354 0.758022 -0.509693 -0.406959 -0.533154 -0.124811 -0.836761   202.512 202.512 202.512 12.1507 12.1507 12.1507  0 0 0 0 0 0 
 0.457511 0.0194238 0.0262443   -0.0419616 -0.22914 0.231237  -0.090108 -0.278308 0.312589 0.903722   5.31677 -2.56268 7.51953  5.48767 1.72247 -0.328125   -0.587673 -0.131892 0.612234  0.374879 0.851489 -0.366649 0.758019 -0.509221 -0.407557 -0.533735 -0.125142 -0.836341   202.512 202.512 202.512 12.1507 12.1507 12.1507  0 0 0 0 0 0 
 0.467519 0.0194238 0.0262443   -0.0419616 -0.22914 0.231237  -0.090108 -0.278308 0.312589 0.903722   4.95728 -2.7533 7.70752  5.24048 1.94714 -0.328125   -0.587715 -0.132216 0.612569  0.374034 0.851731 -0.366952 0.758003 -0.508735 -0.408191 -0.53435 -0.125473 -0.835898   202.512 202.512 202.512 12.1507 12.1507 12.1507  0 0 0 0 0 0 
 0.477498 0.0194238 0.0262443   -0.0395459 -0.231458 0.22778  -0.0858535 -0.277888 0.313534 0.903938   5.48706 -2.71094 7.09656  5.24048 1.34802 -0.410156   -0.587762 -0.132531 0.612866  0.373242 0.851963 -0.367218 0.758002 -0.508269 -0.408772 -0.534905 -0.125782 -0.835497   202.512 202.512 202.512 12.1507 12.1507 12.1507  0 0 0 0 0 0 
 0.48751 0.019444 0.0245222   -0.0395459 -0.231458 0.22778  -0.0858535 -0.277888 0.313534 0.903938   5.05188 -2.81683 6.76758  5.09216 1.7724 -0.492188   -0.58781 -0.132842 0.613177  0.37244 0.852195 -0.367494 0.757988 -0.507805 -0.409377 -0.535484 -0.126088 -0.83508   184.34 184.34 184.34 11.0604 11.0604 11.0604  0 0 0 0 0 0 
 0.497494 0.019444 0.0245222   -0.0395459 -0.231458 0.22778  -0.0858535 -0.277888 0.313534 0.903938   4.95728 -2.73212 7.70752  5.21576 1.84729 -0.410156   -0.587862 -0.133167 0.613484  0.371619 0.852437 -0.367764 0.757983 -0.50732 -0.409985 -0.536061 -0.1264 -0.834663   184.34 184.34 184.34 11.0604 11.0604 11.0604  0 0 0 0 0 0 
 0.507506 0.019444 0.0245222   -0.0395459 -0.231458 0.22778  -0.0858535 -0.277888 0.313534 0.903938   4.95728 -2.83801 7.70752  5.04272 1.97211 -0.410156   -0.58792 -0.133496 0.613786  0.370795 0.852683 -0.368026 0.757981 -0.50683 -0.410594 -0.536633 -0.126711 -0.834248   184.34 184.34 184.34 11.0604 11.0604 11.0604  0 0 0 0 0 0 
 0.517526 0.019444 0.0245222   -0.0395459 -0.231458 0.22778  -0.0858535 -0.277888 0.313534 0.903938   5.33569 -2.88037 7.14355  4.96857 1.67255 -0.492188   -0.587983 -0.133818 0.614067  0.370001 0.852923 -0.368268 0.757986 -0.506351 -0.411175 -0.537174 -0.127007 -0.833855   184.34 184.34 184.34 11.0604 11.0604 11.0604  0 0 0 0 0 0 
 0.527515 0.019444 0.0245222   -0.0395459 -0.231458 0.22778  -0.0858535 -0.277888 0.313534 0.903938   4.88159 -2.7533 7.33154  5.11688 1.87225 -0.410156   -0.588045 -0.134136 0.614368  0.369194 0.853161 -0.368528 0.757973 -0.505876 -0.411785 -0.537748 -0.127306 -0.833439   184.34 184.34 184.34 11.0604 11.0604 11.0604  0 0 0 0 0 0 
 0.537498 0.019444 0.0245222   -0.0395459 -0.231458 0.22778  -0.0858535 -0.277888 0.313534 0.903938   4.86267 -2.41443 7.33154  5.46295 2.02203 -0.328125   -0.588112 -0.134467 0.614657  0.368377 0.853408 -0.368772 0.757974 -0.505382 -0.412388 -0.538306 -0.127606 -0.833033   184.34 184.34 184.34 11.0604 11.0604 11.0604  0 0 0 0 0 0 
 0.547496 0.019444 0.0245222   -0.0395459 -0.231458 0.22778  -0.0858535 -0.277888 0.313534 0.903938   5.16541 -2.47797 7.51953  5.41351 1.64758 -0.410156   -0.588184 -0.134807 0.614938  0.36755 0.853661 -0.369011 0.757987 -0.504876 -0.412983 -0.538853 -0.127914 -0.832632   184.34 184.34 184.34 11.0604 11.0604 11.0604  0 0 0 0 0 0 
 0.557514 0.019444 0.0245222   -0.0395459 -0.231458 0.22778  -0.0858535 -0.277888 0.313534 0.903938   5.48706 -2.71094 7.70752  5.16632 1.44788 -0.328125   -0.588257 -0.13514 0.615222  0.366731 0.85391 -0.369252 0.757988 -0.50438 -0.413587 -0.539409 -0.128214 -0.832225   184.34 184.34 184.34 11.0604 11.0604 11.0604  0 0 0 0 0 0 
 0.567498 0.019444 0.0245222   -0.0395459 -0.231458 0.22778  -0.0858535 -0.277888 0.313534 0.903938   4.88159 -2.58386 7.33154  5.21576 1.84729 -0.328125   -0.588337 -0.135486 0.615511  0.365886 0.854169 -0.36949 0.75799 -0.503864 -0.414212 -0.53998 -0.128515 -0.831809   184.34 184.34 184.34 11.0604 11.0604 11.0604  0 0 0 0 0 0 
 0.577505 0.019444 0.0245222   0.227574 0.0347927 -0.251809  0.329215 -0.878027 -0.302227 -0.171305   4.80591 -2.66858 7.33154  5.33936 1.94714 -0.328125   -0.588425 -0.13585 0.615799  0.365013 0.854441 -0.369723 0.758001 -0.503323 -0.414849 -0.540555 -0.128825 -0.831387   184.34 184.34 184.34 11.0604 11.0604 11.0604  0 0 0 0 0 0 
 0.587498 0.0202552 0.143237   0.227574 0.0347927 -0.251809  0.329215 -0.878027 -0.302227 -0.171305   5.26001 -2.56268 7.70752  5.28992 1.64758 -0.328125   -0.588511 -0.136215 0.616101  0.364124 0.854713 -0.369972 0.758003 -0.502779 -0.415505 -0.541152 -0.129144 -0.830949   1437.01 1437.01 1437.01 86.2206 86.2206 86.2206  0 0 0 0 0 0 
 0.597536 0.0202552 0.143237   0.227574 0.0347927 -0.251809  0.329215 -0.878027 -0.302227 -0.171305   5.01404 -2.47797 7.51953  5.36407 1.54773 -0.410156   -0.588606 -0.13659 0.616396  0.363224 0.854995 -0.370206 0.758009 -0.50222 -0.416171 -0.541749 -0.129456 -0.830512   1437.01 1437.01 1437.01 86.2206 86.2206 86.2206  0 0 0 0 0 0 
 0.607522 0.0202552 0.143237   0.227574 0.0347927 -0.251809  0.329215 -0.878027 -0.302227 -0.171305   5.37354 -2.20264 7.84851  5.66071 1.62262 -0.328125   -0.588709 -0.136949 0.616681  0.362364 0.85527 -0.370414 0.758 -0.501682 -0.416834 -0.542336 -0.129728 -0.830086   1437.01 1437.01 1437.01 86.2206 86.2206 86.2206  0 0 0 0 0 0 
 0.617479 0.0202552 0.143237   0.227574 0.0347927 -0.251809  0.329215 -0.878027 -0.302227 -0.171305   5.61951 -2.28735 7.47253  5.56183 1.42291 -0.328125   -0.588814 -0.137309 0.61696  0.361507 0.855546 -0.370613 0.757992 -0.501142 -0.417499 -0.54292 -0.129993 -0.829663   1437.01 1437.01 1437.01 86.2206 86.2206 86.2206  0 0 0 0 0 0 
 0.627497 0.0202552 0.143237   0.227574 0.0347927 -0.251809  0.329215 -0.878027 -0.302227 -0.171305   5.39246 -2.45679 7.47253  5.33936 1.34802 -0.328125   -0.58892 -0.137676 0.61723  0.360649 0.855826 -0.370802 0.757992 -0.500594 -0.418155 -0.543489 -0.130258 -0.829248   1437.01 1437.01 1437.01 86.2206 86.2206 86.2206  0 0 0 0 0 0 
 0.637502 0.0202552 0.143237   0.227574 0.0347927 -0.251809  0.329215 -0.878027 -0.302227 -0.171305   5.46814 -2.20264 7.66052  5.58655 1.42291 -0.328125   -0.589027 -0.138042 0.617488  0.359804 0.856107 -0.370975 0.758001 -0.500047 -0.418794 -0.544037 -0.130516 -0.828848   1437.01 1437.01 1437.01 86.2206 86.2206 86.2206  0 0 0 0 0 0 
 0.647496 0.0202552 0.143237   0.227574 0.0347927 -0.251809  0.329215 -0.878027 -0.302227 -0.171305   5.16541 -2.47797 7.70752  5.38879 1.64758 -0.246094   -0.589141 -0.138409 0.617729  0.358975 0.856388 -0.371129 0.758015 -0.499501 -0.419418 -0.544564 -0.13076 -0.828463   1437.01 1437.01 1437.01 86.2206 86.2206 86.2206  0 0 0 0 0 0 
 0.657494 0.0202552 0.143237   0.227574 0.0347927 -0.251809  0.329215 -0.878027 -0.302227 -0.171305   5.61951 -2.37207 7.28455  5.56183 1.42291 -0.328125   -0.589259 -0.138745 0.617928  0.358234 0.85665 -0.37124 0.758034 -0.498999 -0.419982 -0.545026 -0.130961 -0.828128   1437.01 1437.01 1437.01 86.2206 86.2206 86.2206  0 0 0 0 0 0 
 0.667496 0.0202552 0.143237   0.227574 0.0347927 -0.251809  0.329215 -0.878027 -0.302227 -0.171305   4.86267 -2.49915 7.89551  5.53711 1.92218 -0.164062   -0.589379 -0.139084 0.618128  0.357488 0.856914 -0.371351 0.758053 -0.498493 -0.420548 -0.545489 -0.131163 -0.827791   1437.01 1437.01 1437.01 86.2206 86.2206 86.2206  0 0 0 0 0 0 
 0.677502 0.0202552 0.143237   0.234441 0.0341542 -0.244816  -0.685728 -0.477262 0.514846 0.192174   5.0708 -2.30853 7.28455  5.71014 1.79736 -0.164062   -0.5895 -0.13943 0.618308  0.356748 0.857181 -0.371447 0.758095 -0.497979 -0.421081 -0.545915 -0.131372 -0.827477   1437.01 1437.01 1437.01 86.2206 86.2206 86.2206  0 0 0 0 0 0 
 0.68752 0.0205965 0.146999   0.234441 0.0341542 -0.244816  -0.685728 -0.477262 0.514846 0.192174   5.5249 -2.11792 7.47253  6.00677 1.7724 -0.0820312   -0.589623 -0.139774 0.618476  0.35602 0.857444 -0.371536 0.758143 -0.497469 -0.421597 -0.546323 -0.13158 -0.827174   1476.7 1476.7 1476.7 88.6021 88.6021 88.6021  0 0 0 0 0 0 
 0.697497 0.0205965 0.146999   0.234441 0.0341542 -0.244816  -0.685728 -0.477262 0.514846 0.192174   5.5249 -2.20264 7.66052  5.7843 1.39795 0   -0.589749 -0.140115 0.61862  0.355319 0.857707 -0.3716 0.758203 -0.496965 -0.422082 -0.546695 -0.131775 -0.826898   1476.7 1476.7 1476.7 88.6021 88.6021 88.6021  0 0 0 0 0 0 
 0.707459 0.0205965 0.146999   0.234441 0.0341542 -0.244816  -0.685728 -0.477262 0.514846 0.192174   5.22217 -2.1391 7.47253  5.83374 1.89722 -0.164062   -0.589874 -0.140454 0.618769  0.354619 0.857966 -0.371671 0.758259 -0.496465 -0.422569 -0.547072 -0.131972 -0.826617   1476.7 1476.7 1476.7 88.6021 88.6021 88.6021  0 0 0 0 0 0 
 0.717464 0.0205965 0.146999   0.234441 0.0341542 -0.244816  -0.685728 -0.477262 0.514846 0.192174   5.14648 -2.05438 7.09656  5.93262 1.89722 -0.0820312   -0.590002 -0.140797 0.618905  0.353921 0.858229 -0.371731 0.758328 -0.495958 -0.423041 -0.547428 -0.132171 -0.826349   1476.7 1476.7 1476.7 88.6021 88.6021 88.6021  0 0 0 0 0 0 
 0.727493 0.0205965 0.146999   0.234441 0.0341542 -0.244816  -0.685728 -0.477262 0.514846 0.192174   5.44922 -2.22382 7.28455  5.93262 1.79736 0   -0.590124 -0.141137 0.619039  0.353229 0.858484 -0.371799 0.758402 -0.495459 -0.423493 -0.547774 -0.132383 -0.826086   1476.7 1476.7 1476.7 88.6021 88.6021 88.6021  0 0 0 0 0 0 
 0.737493 0.0205965 0.146999   0.234441 0.0341542 -0.244816  -0.685728 -0.477262 0.514846 0.192174   5.14648 -2.1391 7.47253  5.83374 1.89722 0   -0.590246 -0.141471 0.619168  0.352549 0.858735 -0.371864 0.758473 -0.494968 -0.423939 -0.548112 -0.132589 -0.825829   1476.7 1476.7 1476.7 88.6021 88.6021 88.6021  0 0 0 0 0 0 
 0.747537 0.0205965 0.146999   0.234441 0.0341542 -0.244816  -0.685728 -0.477262 0.514846 0.192174   4.90051 -2.07556 7.28455  5.98206 2.17181 0.0820312   -0.590372 -0.141819 0.619287  0.351858 0.858996 -0.371917 0.75856 -0.49446 -0.424378 -0.548437 -0.1328 -0.825579   1476.7 1476.7 1476.7 88.6021 88.6021 88.6021  0 0 0 0 0 0 
 0.757498 0.0205965 0.146999   0.234441 0.0341542 -0.244816  -0.685728 -0.477262 0.514846 0.192174   4.9762 -1.99084 7.09656  6.08093 2.17181 0.0820312   -0.590494 -0.142175 0.619426  0.351134 0.859258 -0.371995 0.758641 -0.49394 -0.424837 -0.548788 -0.133036 -0.825308   1476.7 1476.7 1476.7 88.6021 88.6021 88.6021  0 0 0 0 0 0 
 0.767496 0.0205965 0.146999   0.234441 0.0341542 -0.244816  -0.685728 -0.477262 0.514846 0.192174   5.50598 -1.80023 7.42554  6.35284 1.94714 0.164062   -0.590622 -0.142527 0.619543  0.350438 0.859521 -0.372043 0.758728 -0.493426 -0.42528 -0.549113 -0.133245 -0.825058   1476.7 1476.7 1476.7 88.6021 88.6021 88.6021  0 0 0 0 0 0 
 0.777502 0.0205965 0.146999   0.231338 0.0274021 -0.247988  -0.555048 0.00447532 -0.80538 0.207999   5.4303 -1.96967 7.23755  6.13037 1.7724 0.164062   -0.590748 -0.14288 0.619657  0.349746 0.859785 -0.372086 0.758817 -0.492911 -0.425718 -0.549431 -0.133452 -0.824813   1476.7 1476.7 1476.7 88.6021 88.6021 88.6021  0 0 0 0 0 0 
 0.787523 0.0203649 0.1459   0.231338 0.0274021 -0.247988  -0.555048 0.00447532 -0.80538 0.207999   5.20325 -1.71552 7.04956  6.27869 1.84729 0.0820312   -0.590871 -0.143247 0.619793  0.349013 0.860057 -0.372146 0.7589 -0.492376 -0.42619 -0.549783 -0.133675 -0.824542   1465.11 1465.11 1465.11 87.9065 87.9065 87.9065  0 0 0 0 0 0 
 0.797502 0.0203649 0.1459   0.231338 0.0274021 -0.247988  -0.555048 0.00447532 -0.80538 0.207999   5.05188 -1.90613 7.09656  6.08093 2.17181 0.164062   -0.590998 -0.143626 0.619915  0.348272 0.860338 -0.37219 0.758997 -0.491823 -0.426654 -0.550118 -0.133899 -0.824282   1465.11 1465.11 1465.11 87.9065 87.9065 87.9065  0 0 0 0 0 0 
 0.807504 0.0203649 0.1459   0.231338 0.0274021 -0.247988  -0.555048 0.00447532 -0.80538 0.207999   5.5249 -1.96967 7.04956  6.03149 1.87225 0.164062   -0.591122 -0.143996 0.620033  0.347553 0.860611 -0.372231 0.759092 -0.491286 -0.427104 -0.550442 -0.134117 -0.82403   1465.11 1465.11 1465.11 87.9065 87.9065 87.9065  0 0 0 0 0 0 
 0.817473 0.0203649 0.1459   0.231338 0.0274021 -0.247988  -0.555048 0.00447532 -0.80538 0.207999   5.22217 -2.22382 7.66052  6.08093 2.07196 0.246094   -0.591244 -0.144365 0.620158  0.346827 0.860882 -0.372281 0.759181 -0.49075 -0.427562 -0.550777 -0.134339 -0.823771   1465.11 1465.11 1465.11 87.9065 87.9065 87.9065  0 0 0 0 0 0 
 0.827498 0.0203649 0.1459   0.231338 0.0274021 -0.247988  -0.555048 0.00447532 -0.80538 0.207999   5.20325 -1.80023 7.23755  6.27869 2.14685 0.164062   -0.591363 -0.144752 0.620285  0.346069 0.861164 -0.372333 0.759283 -0.490188 -0.428024 -0.551112 -0.13458 -0.823507   1465.11 1465.11 1465.11 87.9065 87.9065 87.9065  0 0 0 0 0 0 
 0.8375 0.0203649 0.1459   0.231338 0.0274021 -0.247988  -0.555048 0.00447532 -0.80538 0.207999   5.05188 -1.82141 7.09656  6.27869 2.14685 0.246094   -0.591486 -0.145147 0.620394  0.345313 0.861449 -0.372376 0.759405 -0.489618 -0.42846 -0.551419 -0.134831 -0.823261   1465.11 1465.11 1465.11 87.9065 87.9065 87.9065  0 0 0 0 0 0 
 0.847498 0.0203649 0.1459   0.231338 0.0274021 -0.247988  -0.555048 0.00447532 -0.80538 0.207999   5.65735 -1.94849 7.23755  6.22925 1.67255 0.246094   -0.591611 -0.145536 0.620483  0.344586 0.86173 -0.3724 0.759537 -0.489057 -0.428866 -0.551692 -0.135071 -0.823038   1465.11 1465.11 1465.11 87.9065 87.9065 87.9065  0 0 0 0 0 0 
 0.857492 0.0203649 0.1459   0.231338 0.0274021 -0.247988  -0.555048 0.00447532 -0.80538 0.207999   4.9762 -1.73669 6.90857  6.17981 2.17181 0.246094   -0.591728 -0.145917 0.620603  0.343842 0.862004 -0.372453 0.759642 -0.488506 -0.429308 -0.552011 -0.135317 -0.822784   1465.11 1465.11 1465.11 87.9065 87.9065 87.9065  0 0 0 0 0 0 
 0.867522 0.0203649 0.1459   0.231338 0.0274021 -0.247988  -0.555048 0.00447532 -0.80538 0.207999   5.10864 -1.65198 6.86157  6.427 2.34656 0.246094   -0.591841 -0.146312 0.620714  0.343085 0.862283 -0.372506 0.759767 -0.48794 -0.429731 -0.55231 -0.135583 -0.822539   1465.11 1465.11 1465.11 87.9065 87.9065 87.9065  0 0 0 0 0 0 
 0.877462 0.0203649 0.1459   0.23143 0.0285893 -0.247248  0.325317 -0.881445 -0.291066 -0.180287   5.18433 -1.73669 6.86157  6.40228 2.2467 0.246094   -0.591955 -0.146725 0.620816  0.342306 0.862573 -0.372551 0.759914 -0.487348 -0.430143 -0.552592 -0.135866 -0.822303   1465.11 1465.11 1465.11 87.9065 87.9065 87.9065  0 0 0 0 0 0 
 0.887494 0.0203424 0.145609   0.23143 0.0285893 -0.247248  0.325317 -0.881445 -0.291066 -0.180287   5.18433 -1.6308 6.86157  6.37756 2.14685 0.246094   -0.592069 -0.147134 0.620918  0.341535 0.862859 -0.372595 0.760055 -0.486764 -0.430556 -0.552875 -0.136143 -0.822067   1462.03 1462.03 1462.03 87.7221 87.7221 87.7221  0 0 0 0 0 0 
 0.897494 0.0203424 0.145609   0.23143 0.0285893 -0.247248  0.325317 -0.881445 -0.291066 -0.180287   4.82483 -1.82141 6.90857  6.20453 2.27167 0.246094   -0.592176 -0.147539 0.621032  0.34076 0.863142 -0.37265 0.760184 -0.486184 -0.430981 -0.553174 -0.136422 -0.821819   1462.03 1462.03 1462.03 87.7221 87.7221 87.7221  0 0 0 0 0 0 
 0.907498 0.0203424 0.145609   0.23143 0.0285893 -0.247248  0.325317 -0.881445 -0.291066 -0.180287   5.18433 -1.56726 6.67358  6.427 2.34656 0.246094   -0.59228 -0.147954 0.621146  0.339974 0.863432 -0.372697 0.76032 -0.485591 -0.43141 -0.553471 -0.136701 -0.821573   1462.03 1462.03 1462.03 87.7221 87.7221 87.7221  0 0 0 0 0 0 
 0.917522 0.0203424 0.145609   0.23143 0.0285893 -0.247248  0.325317 -0.881445 -0.291066 -0.180287   5.33569 -1.54608 7.04956  6.37756 2.047 0.328125   -0.59238 -0.148386 0.621271  0.339148 0.863729 -0.372761 0.760462 -0.484975 -0.431852 -0.553783 -0.137009 -0.821311   1462.03 1462.03 1462.03 87.7221 87.7221 87.7221  0 0 0 0 0 0 
 0.927531 0.0203424 0.145609   0.23143 0.0285893 -0.247248  0.325317 -0.881445 -0.291066 -0.180287   5.65735 -1.77905 7.04956  6.22925 1.87225 0.328125   -0.592484 -0.148813 0.621375  0.338351 0.864025 -0.372801 0.760611 -0.484367 -0.432272 -0.554066 -0.137297 -0.821073   1462.03 1462.03 1462.03 87.7221 87.7221 87.7221  0 0 0 0 0 0 
 0.937501 0.0203424 0.145609   0.23143 0.0285893 -0.247248  0.325317 -0.881445 -0.291066 -0.180287   5.20325 -1.65198 6.86157  6.27869 2.14685 0.246094   -0.592586 -0.149236 0.621487  0.337556 0.864319 -0.372839 0.76075 -0.483763 -0.432705 -0.554361 -0.137575 -0.820827   1462.03 1462.03 1462.03 87.7221 87.7221 87.7221  0 0 0 0 0 0 
 0.947501 0.0203424 0.145609   0.23143 0.0285893 -0.247248  0.325317 -0.881445 -0.291066 -0.180287   5.05188 -1.90613 6.90857  6.32812 2.34656 0.246094   -0.592681 -0.149658 0.621635  0.336728 0.86461 -0.372913 0.76086 -0.483159 -0.433185 -0.554712 -0.137869 -0.82054   1462.03 1462.03 1462.03 87.7221 87.7221 87.7221  0 0 0 0 0 0 
 0.957525 0.0203424 0.145609   0.23143 0.0285893 -0.247248  0.325317 -0.881445 -0.291066 -0.180287   5.10864 -1.65198 6.90857  6.32812 2.44641 0.164062   -0.59278 -0.15009 0.621782  0.335884 0.864908 -0.372981 0.760975 -0.482539 -0.433675 -0.555067 -0.138165 -0.820251   1462.03 1462.03 1462.03 87.7221 87.7221 87.7221  0 0 0 0 0 0 
 0.967466 0.0203424 0.145609   0.23143 0.0285893 -0.247248  0.325317 -0.881445 -0.291066 -0.180287   5.05188 -1.99084 7.09656  6.17981 2.17181 0.246094   -0.592879 -0.150527 0.621924  0.335034 0.865206 -0.373055 0.761099 -0.481915 -0.43415 -0.55541 -0.138477 -0.819966   1462.03 1462.03 1462.03 87.7221 87.7221 87.7221  0 0 0 0 0 0 
 0.977496 0.0203424 0.145609   0.233799 0.027181 -0.244405  -0.552568 0.0207991 -0.808214 0.202548   5.12756 -1.99084 7.09656  6.17981 2.17181 0.246094   -0.592975 -0.150958 0.622083  0.334174 0.865499 -0.373148 0.761209 -0.481297 -0.434643 -0.555778 -0.138798 -0.819662   1462.03 1462.03 1462.03 87.7221 87.7221 87.7221  0 0 0 0 0 0 
 0.987523 0.0204269 0.146876   0.233799 0.027181 -0.244405  -0.552568 0.0207991 -0.808214 0.202548   5.10864 -1.71552 6.4856  6.37756 2.2467 0.164062   -0.593073 -0.15139 0.622244  0.333309 0.865792 -0.373242 0.761316 -0.480677 -0.435141 -0.556151 -0.139119 -0.819355   1475.41 1475.41 1475.41 88.5248 88.5248 88.5248  0 0 0 0 0 0 
 0.997496 0.0204269 0.146876   0.233799 0.027181 -0.244405  -0.552568 0.0207991 -0.808214 0.202548   5.4303 -1.80023 7.23755  6.37756 2.047 0.246094   -0.593173 -0.151828 0.622409  0.332428 0.866085 -0.373347 0.761424 -0.48005 -0.435643 -0.55653 -0.139455 -0.81904   1475.41 1475.41 1475.41 88.5248 88.5248 88.5248  0 0 0 0 0 0 
 1.00751 0.0204269 0.146876   0.233799 0.027181 -0.244405  -0.552568 0.0207991 -0.808214 0.202548   5.65735 -1.86377 6.67358  6.22925 1.87225 0.164062   -0.593275 -0.152257 0.622556  0.331577 0.866374 -0.373433 0.761537 -0.479436 -0.436123 -0.556883 -0.139775 -0.818746   1475.41 1475.41 1475.41 88.5248 88.5248 88.5248  0 0 0 0 0 0 
 1.01749 0.0204269 0.146876   0.233799 0.027181 -0.244405  -0.552568 0.0207991 -0.808214 0.202548   5.18433 -1.56726 7.04956  6.52588 2.2467 0.246094   -0.593372 -0.15269 0.622723  0.330699 0.866662 -0.373543 0.76164 -0.478816 -0.436623 -0.557263 -0.140114 -0.818429   1475.41 1475.41 1475.41 88.5248 88.5248 88.5248  0 0 0 0 0 0 
 1.02749 0.0204269 0.146876   0.233799 0.027181 -0.244405  -0.552568 0.0207991 -0.808214 0.202548   4.88159 -1.65198 7.28455  6.32812 2.34656 0.246094   -0.593473 -0.15313 0.622871  0.329835 0.866958 -0.373621 0.761756 -0.478187 -0.437111 -0.557617 -0.140433 -0.818133   1475.41 1475.41 1475.41 88.5248 88.5248 88.5248  0 0 0 0 0 0 
 1.03753 0.0204269 0.146876   0.233799 0.027181 -0.244405  -0.552568 0.0207991 -0.808214 0.202548   5.26001 -1.80023 7.61353  6.40228 2.2467 0.246094   -0.59358 -0.153573 0.622994  0.328991 0.867256 -0.373672 0.761887 -0.477555 -0.437572 -0.557936 -0.140739 -0.817863   1475.41 1475.41 1475.41 88.5248 88.5248 88.5248  0 0 0 0 0 0 
 1.0475 0.0204269 0.146876   0.233799 0.027181 -0.244405  -0.552568 0.0207991 -0.808214 0.202548   4.9762 -1.99084 7.28455  6.17981 2.17181 0.246094   -0.593681 -0.154003 0.623131  0.328154 0.867546 -0.373737 0.761999 -0.47694 -0.438048 -0.558277 -0.14104 -0.817579   1475.41 1475.41 1475.41 88.5248 88.5248 88.5248  0 0 0 0 0 0 
 1.05749 0.0204269 0.146876   0.233799 0.027181 -0.244405  -0.552568 0.0207991 -0.808214 0.202548   5.18433 -1.71552 7.42554  6.50116 2.2467 0.164062   -0.59378 -0.154438 0.623266  0.327312 0.867838 -0.373797 0.762116 -0.476319 -0.43852 -0.55861 -0.141344 -0.817298   1475.41 1475.41 1475.41 88.5248 88.5248 88.5248  0 0 0 0 0 0 
 1.0675 0.0204269 0.146876   0.233799 0.027181 -0.244405  -0.552568 0.0207991 -0.808214 0.202548   5.50598 -1.80023 7.23755  6.37756 2.047 0.164062   -0.593883 -0.154884 0.623388  0.326466 0.868136 -0.373845 0.762247 -0.475684 -0.438981 -0.558927 -0.14165 -0.817029   1475.41 1475.41 1475.41 88.5248 88.5248 88.5248  0 0 0 0 0 0 
 1.07749 0.0204269 0.146876   0.236825 0.0253408 -0.240605  0.325948 -0.0775289 0.0072315 0.942176   5.58167 -1.86377 7.04956  6.427 1.84729 0.164062   -0.593987 -0.155325 0.623501  0.325635 0.868431 -0.373885 0.762381 -0.475056 -0.439428 -0.559229 -0.141949 -0.81677   1475.41 1475.41 1475.41 88.5248 88.5248 88.5248  0 0 0 0 0 0 
 1.0875 0.0205316 0.148454   0.236825 0.0253408 -0.240605  0.325948 -0.0775289 0.0072315 0.942176   5.27893 -1.88495 7.23755  6.35284 1.94714 0.164062   -0.59409 -0.15576 0.62362  0.324809 0.868721 -0.373928 0.762504 -0.474436 -0.439884 -0.559542 -0.142243 -0.816504   1492.06 1492.06 1492.06 89.5238 89.5238 89.5238  0 0 0 0 0 0 
 1.0975 0.0205316 0.148454   0.236825 0.0253408 -0.240605  0.325948 -0.0775289 0.0072315 0.942176   5.08972 -1.48254 7.42554  6.72363 2.32159 0.246094   -0.594189 -0.1562 0.623743  0.323968 0.869013 -0.373979 0.76263 -0.473809 -0.440341 -0.559857 -0.142551 -0.816235   1492.06 1492.06 1492.06 89.5238 89.5238 89.5238  0 0 0 0 0 0 
 1.1075 0.0205316 0.148454   0.236825 0.0253408 -0.240605  0.325948 -0.0775289 0.0072315 0.942176   5.33569 -1.71552 7.42554  6.57532 2.22174 0.164062   -0.594292 -0.156656 0.623854  0.323112 0.869314 -0.374022 0.762777 -0.473161 -0.440783 -0.560151 -0.142873 -0.815977   1492.06 1492.06 1492.06 89.5238 89.5238 89.5238  0 0 0 0 0 0 
 1.11752 0.0205316 0.148454   0.236825 0.0253408 -0.240605  0.325948 -0.0775289 0.0072315 0.942176   5.33569 -1.80023 7.04956  6.47644 2.047 0.164062   -0.594398 -0.157107 0.623954  0.322273 0.869609 -0.37406 0.762926 -0.472522 -0.44121 -0.560432 -0.14319 -0.815728   1492.06 1492.06 1492.06 89.5238 89.5238 89.5238  0 0 0 0 0 0 
 1.12747 0.0205316 0.148454   0.236825 0.0253408 -0.240605  0.325948 -0.0775289 0.0072315 0.942176   5.10864 -1.71552 6.86157  6.50116 2.2467 0.0820312   -0.594504 -0.157552 0.624066  0.321429 0.869901 -0.374107 0.763062 -0.471888 -0.441654 -0.560732 -0.143506 -0.815467   1492.06 1492.06 1492.06 89.5238 89.5238 89.5238  0 0 0 0 0 0 
 1.13752 0.0205316 0.148454   0.236825 0.0253408 -0.240605  0.325948 -0.0775289 0.0072315 0.942176   5.03296 -1.73669 7.42554  6.52588 2.34656 0.164062   -0.594608 -0.15801 0.624184  0.32056 0.870197 -0.374162 0.763201 -0.47124 -0.442106 -0.56104 -0.143839 -0.815196   1492.06 1492.06 1492.06 89.5238 89.5238 89.5238  0 0 0 0 0 0 
 1.14747 0.0205316 0.148454   0.236825 0.0253408 -0.240605  0.325948 -0.0775289 0.0072315 0.942176   5.56274 -1.69434 6.86157  6.45172 1.94714 0.0820312   -0.594717 -0.158472 0.624292  0.319693 0.870499 -0.374203 0.763346 -0.470583 -0.442555 -0.561337 -0.144165 -0.814934   1492.06 1492.06 1492.06 89.5238 89.5238 89.5238  0 0 0 0 0 0 
